1 2 3 4 5 6 7
8 3
8 3 4 9 10
11 8
12 7 13 14 3 15 16 17
18 3 4
9 14 8
9 17 8
15 4 7 19
9 20 21 10
10
20 10
14 21 2 3 4
4 7 21
4 7 17
21 12
21 4 13 14 2 3 10
14 2 4
21 9 8
10 3 1
20 4
12 3 8
8 13 9
20 10
4 3 22 20 1 21 8
9 20 10 3 21 4 1
9 20 10 1 7 4 14
14 21 20 11 2 7 10 3
1 20 3 6
15 14
15 14 6
14 3 21
10 3 8
20 14 21 4 3
14 3 4
14 8
9 20 8 13 17
9 20 10 7
10 13 17
14 20 12
9 8
14 1
17 3 19
14 4 3 6
5 13 20
18 3 10
6 13 3 12 14 10
14 3 10
14 10
20 18 3 10
19 3 14 21
4 3 17
14 3 10
14 3
15 3 10 7 12
10 3 21 4
14 3 18
18 8
15 18 3 10 20 4
6 3
20 6
14 3 20
5 7 14
14 3 9
20 18 3 9
20 13 5 8
9 7 14
14 19 7 5 18 8
14 8
6 3 18 8
14 21 3 4
10 3 1 4
14 13
4 3 18
9 3 14 8
9 8
9 14
6 9 3 4
14 10
6 8
9 3 20
6 11
6 4 11 3 18 1
6 3 9
4 6
14 3 15
6 3
9 3 21 2
15 3 9
20 3 4
18 1 4
14 3 6 4 7 1
3 4
4 21
9 8 5
6 21 20
14 3 21 2
9 13 6 1
6 3 4 14
4 13 18
6 18
9 3 4
9 10
6 3 14
15 9 3 14
14 10
14 3 15
14 3 20 10
20 3 8
20 8
9 3 10
14 3 9 10
14 10
11 6 3 10
14 20 8
14 3 8
9 3 21 20 18 4
14 8
9 3 8
14 3 8
20 13 5
20 4 13 9 21
17 13 1 20 14 8
6 4
11 3 21 4 13 5 10
14 21
14 3 20 4
14 21
8 3 9
21 13 18 20
20 13 4
14 10 7 15
14 10
5 3 20
20 14 7
14 1 4 3 10
20 10
1 3 2 4 6
20 15 18 3 10
14 3 11
14 3 21 4 2
14 3 20 8
18 3 20 10
18 3 21 2 13 9 6
20 4 3 21
14 3 21 4
6 3 8
15 3 9 10
1 2 3 20 6
9 20 3 14
9 10
14 20
15 13 5 20 3 18 4
9 3 4
9 20 3 11 14 7 4
9 10
4 3 10
6 3 15 14 10
14 18 6 21 3 4
14 3 10
20 21 4 3 18
1 3 2 5 17 4 6
15 3 14 6 13 10
20 3 14 10 4
15 3 20
14 3 10
14 3 10 6
9 3 14
18 3 20 8
6 3 18 1
4 10
14 3 10
14 7 8
20 8
14 3 20
14 3 20 21 10
14 3 20 1
14 3 1 4
3 19 5 20 1 4
4 3
14 3 2
3 10
14 3 10
14 3 10
15 3 18
14 3 4 10
14 3 10
14 3 10
17 9 3 8 13 5
9 3 20 8
9 3 13 8
9 3 6
14 3 10
9 3 8
9 8
9 3 10 14 8
9 3 10 13 18
9 3 14
11 3 8
9 3 19 7 18 2
21 1 3 9 20 4
9 3 11 4
14 3 21 13 4
9 3 18 8
14 3 10
14 3 10
18 5
14 3 10
14 3 10
3 10
9 3 4 10 13 5
9 3 4 10
1 3 13 11 10
1 4 2 3 6
15 6 2 12
5 12 3 10 7 2 18 1 13
10 7 14
14 10
14 2 3 21 4
11 4
14 10
6 22 7 11 3 20 4 1
18 20 5 4 7
11 1 10 3
1 2 3 6 15 21
14 10
8 3 10
14 3 20 8 10
14 6 3 5 10
14 2
20 3 8
2 3 20 18 10
11 3 10
20 10
14 2 20 18 4
20 8
21 10
15 4 2 21 10
20 14 18 4
9 10
20 14 10 13
14 8 13 5
8 4
14 20 8 7 6 2 3 4
20 18 2 4
20 11 4
2 3 8
14 8 21 4 3 2 18
20 18
15 8
9 11
14 8
9 6
9 11 20 6
15 17 6
14 10
11 2 14 10
14 10
14 10
14 10
15 10 14
14 10
14 10
14 3 10
18 2 5 21 4
4 21
9 10
14 10
17 22
20 14 8 3 9
9 10
4 2 18 10 3 15
6 10
14 10
18 1
14 21
19 3 5 1 6
11 4 2 3 21
6 15 8
9 11 21 1 4
6 14 13 18
9 20 8
9 20
9 3 20 5
6 7 15 8
9 3 10
14 10
6 10
11 3 5 7 1 21 2
6 9 2 1 7 4 8
6 8
9 3 22
9 7 5
6 4 1 7
14 10
1 3 2 4
10 14
14 10 13 19
18 13 20 11
14 20
14 1 4
4 20
10 3 11 12
18 4 7
6 10 7 3 15 21 2
20 7 4
14 1 4
1 4 7
9 8
20 2 21
11 1 3 4
20 1 4
14 4 7 1
20 18 4 14
1 18 10
15 20
6 7 19 18 20 10 3 14
20 7 1 10
11 7 5 1
1 2 4 3 6 13
14 3 10
14 3 10
14 4 3 6 5
6 3 10
14 3 10
14 10
14 3 18 4
11 3 4 7 16
4 3 10
18 3 14 21 4
21 3 10 13 2
6 3 21 4
20 12
11 2
18 3 4 2 21
9 8
8 4 3 21 18
14 3 10
19 7 11 3 8
9 8 3 7 10 21
18 3 10
14 3 18 8
20 8 3 9
10 3 9 8
9 4
9 3 14 10
11 6 10
20 18 3 10
14 10
4 3 10
14 10 13
14 3 21 20 13 16 4 1
6 3 12 10
18 3 20 10
15 3 10 6 12 4
14 3 15 10
14 3 10
14 3 10
14 3 18 21 4
14 3 6 12 10
14 3 10
6 3 5 10
14 3 18 1 2
14 10
14 6
9 10
14 10 11
11 19 14 7 6 10
14 8
14 8
14 21 5 13
14 9 8
9 19 7 5 10
9 8
5 7 18 10
14 4 10 13
14 10
14 20 10
9 14 8
11 10 20 21
11 6
14 11 10
14 10
14 3 10
11 3 4
14 10
14 3 10
6 3 18 21 4
20 6 14 10 3 21 4
18 21 2 13
9 6 8
9 8
21 2 15 3 6 10
14 21 2
14 2
9 3 18
9 10 21 13 14 2
6 8 14 10
9 20 22
18 11 8
9 4 7 8
14 10
14 4 18
9 4
14 10
9 20 4 10 1
14 10 21
20 6
14 3 10
14 6 13 5 11
18 10
9 20
14 3 20
5 7 15 18
14 4
9 3 4 18 20 1 11 6
9 7 21 3 4
18 20
20 4
20 3 11 10 13
14 3 4
14 21 18
11 1 4
9 4 13 18 8
9 3 20 10
14 13 4 21 22 9
14 7 11 4
9 3 20 4
6 10
14 10
14 10
14 20 8 3
9 10
19 3 1 2 7 4 6
6 13 14
14 3 6 10
15 13 14
14 3 9 20 4
9 3 6
20 3 8
9 3 10
20 3 10
14 4
14 3 11 10
14 3 10
9 8
14 3 6
6 14 3 1
17 3 20 1 2 4 6
14 10
14 3 6 10
14 8
9 3 20 8
14 3 8
15 3 21
18 3 8
14 3 4
14 3 18 20 22
14 16 21 4
9 10
4 22
14 22
20 9 22
9 3 22
9 22 13 14 3 8
9 10
9 10 3
10 3 14 21 2
11 15 21 3 4
5 4
14 21 4 3 9 2
6 21 3 2
11 3 2
6 8
9 3 21 1
20 2 3 1 5 4 6
14 10
20 9 3 14 15 8
18 20 8
9 10
9 10 20
11 14 12
4 15 10
20 4
6 15 4 13 14 21 11 5 3
1 7 4 6 13 5 3
18 3 12 7 17 13 21 10 4
21 3 20 14 6
20 10
17 13 20 21 4
21 20 4 3
11 15 3 20 21 14 10
20 3 4
1 7 10
20 9
21 13 8
20 3 21 8
20 21 8 3 7 1
1 3 4
20 4 3 1
20 3 1 4 7
14 1
1 11
20 7 22
20 16
17 7 1 14 4
20 4
20 10
14 2
14 3 10
14 3 10
1 3 6
9 8
14 8
14 7 19 5 18 17
14 3 10
14 10
18 4
11 3 18 21 4
8 3 4
9 18 21
9 10
11 4
12 13 21 10
15 20 11 4
20 5 13 15 10
6 3 10
20 4
14 3 20 4
21 13 2 7 3 14 4
14 1 2 3 4
20 3 8
9 7 20 4
7 20 10
20 14 3 1 2
14 3 1 20 7 9
19 3 5 1 2 4
19 3 17
4 3 18
6 3 4
14 3 4
6 4 21 7 1 3
20 3 21 14 4
6 21 2 4
4 1
1 4
1 3 4
11 20 3 10
18 10
20 1 4 3 19 10
5 3 20 10
1 21 10
14 1 13 4
1 19 3 4 13 5
14 3 10
9 10
9 8
9 21 20 8
18 10 13 20 21 9 4
9 10
14 4
4 1 14 10
15 21 3 14
20 8
18 19 7 9 20 3 8
10 13 3 11 19 21 4
18 8 3 20 4
14 2 8
20 1 4 2 3 22
21 3 10 13 7 14 11 17 8
20 8
10 3 21 22
20 10
14 10
11 20 1 10
1 10
18 2 10 7
18 3 10
1 4 12 7 6 3
10 3 14
14 10 3 6
1 10
4 10
11 6 10
10 4
14 4 11 7
1 4 3 11 8 21
14 4
20 3 1 4 21 7
9 20 8 3 4
4 3 20 10
6 4 3 15 8
15 6 10 21 7 17
21 4
4 1 21 10
8 10
10 22 8
19 3 5 20 6
9 8
9 10
9 3 8
14 10
14 3 10
14 7 5 3 18 4
19 7 5
20 21
9 3 18 8
20 8
1 4 13 17
9 3 4 10
6 8
9 8
1 20 4
9 10
10 3 14
18 4
1 4 5 6
14 3 15 1 4
20 14 4 21 3 5
14 10
14 10
1 2 4 3 5
10 7
15 10
18 2 15 8 3 5 21 4
9 10 8
14 8 7 13 10
9 20 4
9 7 10 3
20 10
9 21 2 4 7 20
6 2 7 21 3 11 4
1 4 3 8
21 10
14 10 3 2
14 1
21 2
12 5 20 10
10 14 3
2 8
20 11 2 14 4
9 10
14 10
18 8
21 4
20 19 3 1 2 4
14 6
4 18 3 10
18 3 4 14 10
20 14 3 10
14 3 8
15 18 3 10
18 3 1 4 8
20 4 21 3 2
14 3 10
21 9 4
4 13 8
9 4 8
9 8
9 3 8
9 6 3 8
20 9 8 13
21 10 13 3 2 9 8
20 3
14 3 8
6 3 14 10
10 3 14 21
14 3 11 20 18 10 4
2 1 4 3 13 5 6
21 13 10 15 1 3 18 8
9 21 10
21 1 6
21 2 6 13 4
14 10
14 10
14 21 8
20 10
20 14 21 4
14 10
20 10
14 8
20 8
20 4 3 1
9 10
20 21 22
15 8
20 4 6 22
15 11 10
11 22
20 18 10
20 10
14 20 4
20 14 10 5
19 3 1 6
20 9 3 8
18 21 14 3 4
18 3 20 14 10
18 20 4
18 21 4
18 10 7 5 20
14 20 18 4
3 12 6 10
15 8 13 17
11 18 21 4
14 21 4 3 20 18 8
4 13
9 8
9 3 4 2 10
6 20 8
9 3 8
18 4
9 3 21 4 2
14 21 4
14 8
1 3 6 4
14 3 9 1 2 17
17 15 3 6 10
14 20 3 4 10
14 10
6 10
22 8
15 3 21
21 14 22
14 3 21
20 21
20 21
21 2
9 3 1 20 4 21
9 21 1 4 7
15 3 8
10 3 4 20
10 21
4 7 17
15 3 17
9 11
1 7 3 20 6
14 3 9 8
14 3 1 8 7
14 13 20 5
20 3 6
9 10
14 3 20 4
6 3 14 21 4
9 3 8
14 3 1
1 3 19 7 17 2 15
14 3 15
17 15 3 21
7 21
20 7 5 17
9 7 5 14 3 10 1
22 18
17 7 6 21 3 20
11 3 18
15 3 12
1 6
21 3 20
15 14
14 8
11 13 5
9 3 8
1 8
14 3
5 18 4
14 4
6 8
20 9
9 3 6
3 9 7 6
6 3 10
14 20 3 10
14 3 6
14 3 21
9 3 20 8
9 3 14
20 3 5 13
21 8
11 7 14
11 3 21
9 3 20
9 3 20
20 13
4 7 1
6 7 21
14 3 4
18 3 4
14 3 17 7 10
3 14
1 4
1 3 20 6
17 3 9
11 3 18
6 3 21
11 3 21 7 17 18 4
8 7 14 21
1 3 19 7 17 14 6
14 21 7 3 9 8
6 3 14
14 3 8
5 7 6 20 10
6 3 18
14 3 1 9
8 7 11 3 1 21
16 9
16 3 10
14 10 3 22
1 18
1 20 7 3 4 6
11 3 6
14 3 20 10 7 21
5 13
11 3 21
15 7 9 3 20
9 21
20 21
20 21
20 21
21 2
20 3 14 2
1 20 21
20 21
21 2 3 17 7 5 20
14 13 5
9 7 17
4 7 17
11 3 1
4 3 9 10
6 4
1 7 21 3 22
18 22
20 3 4
20 1 3 4
1 3
1 3 20 2
14 13 20 21
20 18 3 11
21 13 17
20 13 5
1 4
20 7 4
20 14
21 7 5 4
20 7 21
21 4
14 7 1 4
20 1 3 4 6
20 3 15
14 3 9
9 21 7 3 14
18 3 21
14 17
18 3 8
14 3 20 9
1 6
21 13 6 10 7 14
6 21 4 9 11 3 7 1
1 20 3 2 4
21 3 10
14 8
11 14 2
20 10 3 5 1 7 21
9 3 4
15 3 21
20 10 7
6 7 15
1 3 2 4 6
14 3 6
9 20 6
14 8
6 3 8
19 7 11
11 21 1 4
8 1
9 21
11 3 10 7 17
14 2
20 9 3 8
9 3
14 3 10
20 14
1 19 7 3 6
14 7 5
9 7 20 18
14 21
14 13
1 7 5 20
14 3 8
14 13
5 7
14 3 21 20
9 3 18 4
20 7 4 17
14 7 22 6 9 4 5 3
1 6 14
9 20
9 5 13 20
9 15
18 1 21 7 20 4
15 3 21 2
14 10
21 14 11
15 7 21 3 14 4
14 20 5
11 9 3 6 14
11 10
6 3 11 14
15 3 20
4 21 7 9
20 17
3 21 4
20 21
1 3 20 4 6
6 3 9 14
6
18 3 8
15 9 3 6 14
9 6 3
14 3 9 8
15 3 4
6 3 18
14 3 10
10 3 14
20 7 14 3 18
1 3 20 7 4 2
20 7 6
4 3 10
14 3
20 7 10 5 14 3 8
21 7 3 10
10 3 14
14 21 3 8
9 3 21 15 12
6 3 8
11 7 21
20 3 21
21 3 4 18 10
14 20
22 6 3 18 20 5 4
9 3
14 3 4 11
21 14 7 15
15 3 20
21 3 4 20
21 13 3 14 1 2 4
15 3 21
21 3 2
14 3 21
14 3 21 4
14 13
9 10
21 14 3
14 3 11
21 13 17
20 14
5 3 21 7 14 20
17 13 14 3 10
15 3 18 10 13 6 4 21 7
14 7 18 3 20 17
14 7 20 18 3 1 4
9 22 7 17
21 7 3 15
6 3 10
21 3 14 8
17 13 20 21
20 3 8
9 3 2 12
9 3 4
21 7
17 13 1 5
21 20
21 13 20 3 19 5 7 11 15 12
21 7 13 2 3 10
17 13 21 19 7 11 20 14 3 1 8
4 7 14 10
4 7 19 2
17 13 21 8 7
9 20 8
9 13 19 4
20 3 19 1
14 21
4 21 7 1
17 7 14
20 3 1 2 4
21 15
6 4
15 3 10
18 8
15 21
14 3 21 7 5 20
5 3 4
15 21
21 3 1 2 13
5 14 13
20 4
20 1
8 15
9 3 15
15 3 6 20 21
10 7 17
21 7
14 11
11 3 21 7 1
15 3 18
1 2 7 5 3 21 20
19 7 20 1 4 5 3 6
20 3 4 14
1 3 18 10
15 21
21 3 2 10
20 7 1 3 21 2
20 21
21 2 3 8
18 3 20 1
18 10 7
14 3 20 22
20 3 4
1 3 14 10 20 21
6 15
18 4 20
5 3 21 7 10
20 3 21
4 3 1 13 21 10
20 7 4
21 7 10
1 22
20 10
21 7 14 20 4
20 1
1 6
6 3 21 20
20 3 21 10 14
14 3 11 21
9 8
9 3 20
21 13 5 19 20 4 3
2 3 10 7
19 7 5
14 3 1 4 7 21 9 8
9 8
9 3 10
10 3 14 7 11
9 8
8 3 10
1 7 3 6
20 3 9
9 7
5 13 6 3 1
1 19 3 20 4
17 7 5
20 13 14 3
20 13 8
11 3 4 1
20 3 4
4 20
9 8
4 3 11 10
20 8
11 15 14 3 8
20 14 10
11 4
8 3 20 21 11 4
17 3 20 2
14 3 10
15 3 8
18 3 21 1
9 3 8
21 13 20
10 3 20 17
6 3 12
13 5
9 6 7 17 13 11
18 3
3 22 7
15 22 5
14 3 21 10
1 19 7 20 3 4
14 3 10
14 3 21
14 13 3 10
9 10 7 21
18 8
14 3 10
20 10
10 7 14
20 14 1 4
1 3 10
9 10
9 3 10
21 3 8 13 10
5 7 10 3 1
11 3 9 8
14 3 8
6 9
6 3 9
9 3 4 20 8
14 21 3 20 4
9 3 4 7 17
14 3 8
6 3 22 18 8
14 8
9 7 3 4
18 2
