1 -1 2 -1 3 -1 2 -1 1 -1 -2
4 -1 5 -1 2 -1 6 -1 2 -1 2 -1 2 -1 -2
7 -1 8 -1 9 -1 7 -1 2 -1 6 -1 3 -1 3 -1 3 -1 3 -1 3 -1 10 -1 7 -1 3 -1 6 -1 2 -1 3 -1 11 -1 12 -1 9 -1 2 -1 5 -1 9 -1 5 -1 2 -1 7 -1 8 -1 2 -1 7 -1 2 -1 7 -1 10 -1 3 -1 -2
4 -1 13 -1 10 -1 2 -1 14 -1 8 -1 2 -1 13 -1 2 -1 8 -1 13 -1 2 -1 8 -1 -2
13 -1 2 -1 8 -1 15 -1 2 -1 16 -1 17 -1 10 -1 18 -1 19 -1 -2
6 -1 9 -1 2 -1 -2
6 -1 20 -1 21 -1 5 -1 10 -1 21 -1 2 -1 21 -1 -2
2 -1 7 -1 18 -1 9 -1 7 -1 9 -1 7 -1 13 -1 -2
5 -1 2 -1 19 -1 2 -1 22 -1 2 -1 2 -1 2 -1 10 -1 -2
9 -1 4 -1 16 -1 9 -1 4 -1 8 -1 -2
20 -1 9 -1 -2
13 -1 22 -1 9 -1 23 -1 -2
24 -1 4 -1 -2
8 -1 2 -1 23 -1 9 -1 7 -1 -2
7 -1 7 -1 15 -1 2 -1 7 -1 7 -1 -2
4 -1 22 -1 10 -1 2 -1 7 -1 -2
7 -1 21 -1 9 -1 8 -1 19 -1 -2
7 -1 2 -1 7 -1 2 -1 2 -1 8 -1 25 -1 9 -1 8 -1 -2
12 -1 25 -1 2 -1 7 -1 8 -1 2 -1 12 -1 3 -1 6 -1 5 -1 3 -1 14 -1 3 -1 6 -1 3 -1 6 -1 3 -1 6 -1 12 -1 2 -1 8 -1 9 -1 7 -1 5 -1 -2
7 -1 2 -1 9 -1 2 -1 8 -1 2 -1 2 -1 7 -1 2 -1 6 -1 -2
26 -1 27 -1 -2
28 -1 3 -1 25 -1 5 -1 3 -1 29 -1 3 -1 7 -1 3 -1 30 -1 3 -1 6 -1 3 -1 16 -1 29 -1 24 -1 -2
7 -1 31 -1 2 -1 32 -1 9 -1 32 -1 -2
2 -1 32 -1 32 -1 32 -1 7 -1 -2
7 -1 9 -1 7 -1 2 -1 8 -1 2 -1 7 -1 2 -1 7 -1 2 -1 7 -1 -2
33 -1 22 -1 -2
7 -1 15 -1 2 -1 7 -1 22 -1 2 -1 7 -1 4 -1 21 -1 21 -1 4 -1 21 -1 7 -1 -2
8 -1 2 -1 24 -1 9 -1 6 -1 2 -1 2 -1 -2
2 -1 5 -1 12 -1 7 -1 8 -1 2 -1 14 -1 7 -1 6 -1 2 -1 6 -1 7 -1 2 -1 7 -1 31 -1 2 -1 -2
4 -1 13 -1 7 -1 13 -1 2 -1 7 -1 8 -1 34 -1 2 -1 6 -1 9 -1 4 -1 9 -1 4 -1 -2
7 -1 9 -1 35 -1 -2
22 -1 7 -1 35 -1 2 -1 13 -1 9 -1 10 -1 -2
16 -1 2 -1 2 -1 2 -1 2 -1 6 -1 2 -1 2 -1 2 -1 2 -1 2 -1 2 -1 2 -1 2 -1 2 -1 2 -1 2 -1 2 -1 36 -1 9 -1 2 -1 2 -1 14 -1 9 -1 33 -1 9 -1 -2
33 -1 2 -1 2 -1 33 -1 2 -1 9 -1 16 -1 3 -1 10 -1 2 -1 37 -1 2 -1 19 -1 2 -1 7 -1 6 -1 2 -1 9 -1 7 -1 12 -1 9 -1 8 -1 35 -1 -2
37 -1 25 -1 35 -1 -2
23 -1 2 -1 2 -1 7 -1 28 -1 2 -1 5 -1 2 -1 6 -1 2 -1 6 -1 2 -1 7 -1 2 -1 7 -1 2 -1 8 -1 2 -1 5 -1 2 -1 25 -1 12 -1 9 -1 6 -1 2 -1 2 -1 6 -1 9 -1 2 -1 5 -1 2 -1 7 -1 2 -1 6 -1 12 -1 9 -1 23 -1 38 -1 9 -1 -2
33 -1 25 -1 13 -1 34 -1 2 -1 7 -1 -2
11 -1 2 -1 4 -1 9 -1 6 -1 -2
5 -1 2 -1 2 -1 2 -1 2 -1 2 -1 2 -1 1 -1 2 -1 2 -1 2 -1 5 -1 2 -1 2 -1 2 -1 6 -1 2 -1 7 -1 2 -1 7 -1 9 -1 39 -1 12 -1 2 -1 7 -1 2 -1 2 -1 12 -1 9 -1 5 -1 2 -1 10 -1 2 -1 6 -1 2 -1 5 -1 2 -1 2 -1 2 -1 2 -1 2 -1 7 -1 2 -1 7 -1 2 -1 7 -1 2 -1 7 -1 2 -1 2 -1 7 -1 9 -1 7 -1 2 -1 2 -1 7 -1 3 -1 9 -1 3 -1 7 -1 2 -1 7 -1 9 -1 5 -1 9 -1 7 -1 2 -1 7 -1 5 -1 9 -1 18 -1 2 -1 12 -1 2 -1 2 -1 5 -1 2 -1 2 -1 20 -1 16 -1 19 -1 -2
10 -1 3 -1 6 -1 11 -1 2 -1 -2
6 -1 3 -1 20 -1 3 -1 2 -1 3 -1 6 -1 9 -1 3 -1 7 -1 2 -1 7 -1 9 -1 6 -1 2 -1 6 -1 2 -1 7 -1 2 -1 6 -1 2 -1 7 -1 9 -1 13 -1 40 -1 6 -1 -2
29 -1 2 -1 -2
6 -1 2 -1 2 -1 2 -1 2 -1 2 -1 13 -1 2 -1 7 -1 2 -1 7 -1 -2
2 -1 9 -1 9 -1 2 -1 -2
7 -1 35 -1 -2
9 -1 10 -1 7 -1 32 -1 9 -1 -2
16 -1 7 -1 41 -1 -2
5 -1 2 -1 -2
9 -1 6 -1 2 -1 20 -1 -2
2 -1 2 -1 7 -1 2 -1 2 -1 7 -1 2 -1 2 -1 9 -1 7 -1 2 -1 7 -1 -2
7 -1 9 -1 6 -1 2 -1 20 -1 34 -1 -2
4 -1 8 -1 -2
8 -1 2 -1 5 -1 3 -1 14 -1 1 -1 3 -1 16 -1 9 -1 13 -1 2 -1 21 -1 2 -1 6 -1 2 -1 6 -1 2 -1 6 -1 9 -1 6 -1 2 -1 33 -1 -2
22 -1 38 -1 14 -1 2 -1 34 -1 -2
12 -1 9 -1 13 -1 2 -1 7 -1 9 -1 12 -1 9 -1 2 -1 7 -1 2 -1 7 -1 2 -1 7 -1 2 -1 42 -1 9 -1 26 -1 43 -1 6 -1 9 -1 33 -1 34 -1 -2
6 -1 2 -1 5 -1 2 -1 8 -1 2 -1 7 -1 2 -1 6 -1 2 -1 33 -1 35 -1 2 -1 2 -1 6 -1 -2
13 -1 9 -1 7 -1 9 -1 44 -1 9 -1 9 -1 7 -1 15 -1 2 -1 16 -1 2 -1 2 -1 16 -1 2 -1 2 -1 2 -1 22 -1 9 -1 -2
2 -1 32 -1 38 -1 29 -1 2 -1 2 -1 2 -1 32 -1 -2
14 -1 2 -1 30 -1 2 -1 6 -1 2 -1 2 -1 3 -1 10 -1 45 -1 1 -1 3 -1 6 -1 3 -1 2 -1 5 -1 9 -1 12 -1 9 -1 7 -1 2 -1 34 -1 -2
33 -1 7 -1 2 -1 25 -1 -2
16 -1 15 -1 3 -1 25 -1 39 -1 10 -1 2 -1 7 -1 25 -1 7 -1 19 -1 25 -1 39 -1 23 -1 -2
6 -1 2 -1 5 -1 2 -1 2 -1 16 -1 5 -1 2 -1 13 -1 9 -1 2 -1 2 -1 2 -1 6 -1 2 -1 2 -1 32 -1 2 -1 2 -1 2 -1 2 -1 32 -1 14 -1 7 -1 14 -1 7 -1 9 -1 7 -1 12 -1 2 -1 22 -1 2 -1 6 -1 2 -1 2 -1 2 -1 7 -1 34 -1 -2
33 -1 35 -1 -2
44 -1 38 -1 46 -1 46 -1 5 -1 4 -1 18 -1 16 -1 7 -1 8 -1 -2
47 -1 12 -1 39 -1 2 -1 6 -1 9 -1 16 -1 2 -1 6 -1 2 -1 7 -1 2 -1 6 -1 2 -1 7 -1 9 -1 2 -1 7 -1 7 -1 7 -1 9 -1 2 -1 6 -1 -2
19 -1 2 -1 7 -1 2 -1 12 -1 7 -1 9 -1 12 -1 -2
8 -1 2 -1 7 -1 2 -1 6 -1 7 -1 19 -1 34 -1 -2
3 -1 2 -1 2 -1 2 -1 -2
2 -1 6 -1 2 -1 14 -1 2 -1 25 -1 2 -1 2 -1 9 -1 16 -1 3 -1 3 -1 3 -1 3 -1 33 -1 2 -1 7 -1 -2
24 -1 21 -1 2 -1 7 -1 13 -1 2 -1 19 -1 8 -1 -2
15 -1 24 -1 7 -1 34 -1 21 -1 23 -1 25 -1 44 -1 5 -1 25 -1 6 -1 3 -1 23 -1 3 -1 7 -1 34 -1 4 -1 -2
19 -1 9 -1 22 -1 -2
12 -1 7 -1 44 -1 12 -1 9 -1 8 -1 -2
2 -1 48 -1 9 -1 37 -1 2 -1 2 -1 2 -1 3 -1 3 -1 39 -1 2 -1 -2
2 -1 32 -1 2 -1 2 -1 2 -1 2 -1 -2
22 -1 4 -1 -2
2 -1 2 -1 -2
22 -1 2 -1 -2
16 -1 20 -1 -2
26 -1 2 -1 2 -1 1 -1 2 -1 9 -1 7 -1 2 -1 1 -1 3 -1 7 -1 2 -1 7 -1 2 -1 7 -1 9 -1 2 -1 5 -1 2 -1 14 -1 -2
23 -1 13 -1 -2
2 -1 6 -1 -2
10 -1 12 -1 7 -1 -2
2 -1 2 -1 2 -1 -2
16 -1 33 -1 7 -1 -2
12 -1 9 -1 12 -1 9 -1 12 -1 2 -1 12 -1 2 -1 12 -1 2 -1 25 -1 12 -1 2 -1 25 -1 2 -1 2 -1 2 -1 2 -1 2 -1 6 -1 2 -1 2 -1 2 -1 2 -1 2 -1 2 -1 -2
16 -1 7 -1 25 -1 12 -1 5 -1 9 -1 19 -1 33 -1 2 -1 41 -1 -2
10 -1 7 -1 8 -1 9 -1 7 -1 9 -1 2 -1 6 -1 2 -1 7 -1 2 -1 7 -1 9 -1 6 -1 10 -1 -2
24 -1 7 -1 8 -1 2 -1 24 -1 9 -1 18 -1 -2
7 -1 9 -1 6 -1 -2
29 -1 13 -1 38 -1 22 -1 43 -1 49 -1 2 -1 14 -1 -2
4 -1 9 -1 6 -1 2 -1 -2
8 -1 2 -1 7 -1 2 -1 2 -1 2 -1 8 -1 2 -1 39 -1 2 -1 2 -1 7 -1 9 -1 23 -1 40 -1 6 -1 -2
7 -1 8 -1 20 -1 -2
7 -1 2 -1 8 -1 2 -1 8 -1 2 -1 14 -1 7 -1 2 -1 2 -1 6 -1 2 -1 2 -1 8 -1 2 -1 8 -1 2 -1 6 -1 3 -1 2 -1 10 -1 7 -1 2 -1 8 -1 2 -1 7 -1 2 -1 8 -1 2 -1 2 -1 8 -1 7 -1 2 -1 7 -1 2 -1 7 -1 2 -1 7 -1 2 -1 6 -1 7 -1 2 -1 7 -1 2 -1 6 -1 2 -1 2 -1 2 -1 14 -1 2 -1 7 -1 2 -1 8 -1 2 -1 8 -1 7 -1 5 -1 7 -1 2 -1 8 -1 7 -1 9 -1 20 -1 2 -1 7 -1 8 -1 2 -1 2 -1 2 -1 6 -1 2 -1 2 -1 2 -1 32 -1 32 -1 3 -1 3 -1 2 -1 6 -1 2 -1 9 -1 8 -1 2 -1 2 -1 3 -1 7 -1 2 -1 8 -1 2 -1 8 -1 2 -1 5 -1 2 -1 7 -1 2 -1 5 -1 -2
33 -1 2 -1 13 -1 -2
6 -1 2 -1 -2
10 -1 2 -1 9 -1 13 -1 9 -1 19 -1 9 -1 38 -1 19 -1 -2
6 -1 4 -1 8 -1 -2
9 -1 7 -1 9 -1 -2
2 -1 9 -1 2 -1 9 -1 2 -1 -2
29 -1 38 -1 2 -1 -2
2 -1 6 -1 2 -1 2 -1 2 -1 4 -1 2 -1 2 -1 -2
23 -1 2 -1 6 -1 2 -1 6 -1 9 -1 6 -1 2 -1 12 -1 -2
22 -1 7 -1 3 -1 6 -1 3 -1 7 -1 8 -1 9 -1 9 -1 2 -1 6 -1 2 -1 25 -1 8 -1 2 -1 3 -1 6 -1 2 -1 6 -1 3 -1 1 -1 3 -1 7 -1 2 -1 7 -1 2 -1 29 -1 2 -1 7 -1 9 -1 21 -1 7 -1 -2
50 -1 2 -1 50 -1 -2
45 -1 7 -1 16 -1 12 -1 13 -1 2 -1 14 -1 8 -1 2 -1 14 -1 7 -1 2 -1 2 -1 7 -1 2 -1 7 -1 34 -1 2 -1 34 -1 9 -1 34 -1 -2
4 -1 12 -1 7 -1 8 -1 51 -1 15 -1 -2
48 -1 2 -1 -2
2 -1 8 -1 2 -1 32 -1 -2
21 -1 38 -1 49 -1 9 -1 6 -1 38 -1 48 -1 -2
24 -1 7 -1 9 -1 19 -1 -2
12 -1 2 -1 12 -1 2 -1 32 -1 3 -1 5 -1 6 -1 5 -1 3 -1 6 -1 3 -1 5 -1 3 -1 6 -1 3 -1 28 -1 3 -1 5 -1 3 -1 6 -1 3 -1 5 -1 3 -1 5 -1 3 -1 5 -1 14 -1 9 -1 5 -1 3 -1 14 -1 3 -1 25 -1 5 -1 3 -1 25 -1 13 -1 -2
7 -1 2 -1 9 -1 52 -1 7 -1 8 -1 9 -1 12 -1 7 -1 9 -1 15 -1 2 -1 34 -1 -2
39 -1 9 -1 10 -1 2 -1 -2
2 -1 10 -1 2 -1 -2
32 -1 2 -1 -2
2 -1 2 -1 16 -1 -2
24 -1 35 -1 -2
37 -1 50 -1 2 -1 8 -1 10 -1 2 -1 37 -1 9 -1 34 -1 2 -1 5 -1 2 -1 50 -1 9 -1 14 -1 -2
6 -1 14 -1 7 -1 -2
7 -1 9 -1 2 -1 6 -1 2 -1 6 -1 2 -1 25 -1 34 -1 -2
34 -1 21 -1 2 -1 9 -1 21 -1 -2
8 -1 2 -1 8 -1 2 -1 2 -1 3 -1 21 -1 45 -1 9 -1 35 -1 -2
7 -1 24 -1 7 -1 18 -1 7 -1 -2
2 -1 7 -1 2 -1 7 -1 9 -1 12 -1 9 -1 12 -1 9 -1 25 -1 12 -1 9 -1 44 -1 9 -1 9 -1 10 -1 6 -1 3 -1 10 -1 7 -1 9 -1 18 -1 9 -1 7 -1 9 -1 44 -1 9 -1 5 -1 2 -1 12 -1 9 -1 6 -1 9 -1 11 -1 5 -1 11 -1 7 -1 5 -1 13 -1 -2
25 -1 12 -1 33 -1 23 -1 22 -1 -2
12 -1 5 -1 3 -1 3 -1 3 -1 6 -1 9 -1 -2
20 -1 20 -1 43 -1 34 -1 -2
25 -1 2 -1 7 -1 -2
7 -1 9 -1 13 -1 2 -1 50 -1 -2
6 -1 2 -1 25 -1 6 -1 2 -1 14 -1 2 -1 6 -1 2 -1 53 -1 2 -1 24 -1 9 -1 24 -1 2 -1 32 -1 2 -1 24 -1 -2
26 -1 2 -1 41 -1 -2
6 -1 10 -1 -2
7 -1 2 -1 -2
6 -1 2 -1 6 -1 2 -1 6 -1 9 -1 8 -1 -2
6 -1 2 -1 33 -1 9 -1 9 -1 12 -1 2 -1 12 -1 8 -1 43 -1 22 -1 -2
10 -1 3 -1 3 -1 2 -1 2 -1 10 -1 3 -1 9 -1 3 -1 -2
50 -1 9 -1 32 -1 -2
2 -1 7 -1 2 -1 7 -1 7 -1 2 -1 6 -1 2 -1 29 -1 7 -1 8 -1 2 -1 2 -1 7 -1 2 -1 7 -1 2 -1 7 -1 2 -1 6 -1 2 -1 7 -1 2 -1 23 -1 54 -1 6 -1 10 -1 8 -1 2 -1 8 -1 2 -1 8 -1 3 -1 9 -1 35 -1 33 -1 35 -1 -2
7 -1 9 -1 13 -1 3 -1 7 -1 3 -1 7 -1 15 -1 2 -1 13 -1 15 -1 -2
9 -1 22 -1 -2
48 -1 7 -1 4 -1 13 -1 4 -1 -2
14 -1 8 -1 2 -1 7 -1 8 -1 9 -1 7 -1 13 -1 -2
16 -1 4 -1 31 -1 2 -1 6 -1 -2
29 -1 23 -1 40 -1 45 -1 40 -1 29 -1 8 -1 9 -1 20 -1 19 -1 -2
9 -1 10 -1 2 -1 2 -1 2 -1 1 -1 2 -1 1 -1 2 -1 5 -1 2 -1 8 -1 2 -1 6 -1 2 -1 -2
3 -1 2 -1 2 -1 10 -1 -2
23 -1 2 -1 2 -1 6 -1 9 -1 12 -1 9 -1 6 -1 2 -1 7 -1 4 -1 9 -1 8 -1 -2
17 -1 9 -1 12 -1 8 -1 -2
25 -1 5 -1 9 -1 7 -1 -2
7 -1 2 -1 -2
30 -1 2 -1 20 -1 2 -1 13 -1 2 -1 37 -1 2 -1 7 -1 9 -1 8 -1 -2
45 -1 9 -1 12 -1 9 -1 12 -1 13 -1 2 -1 45 -1 25 -1 7 -1 13 -1 2 -1 7 -1 -2
24 -1 9 -1 8 -1 2 -1 13 -1 4 -1 -2
32 -1 40 -1 7 -1 -2
3 -1 2 -1 7 -1 2 -1 2 -1 -2
12 -1 25 -1 12 -1 39 -1 12 -1 9 -1 44 -1 8 -1 2 -1 12 -1 2 -1 2 -1 2 -1 2 -1 2 -1 2 -1 32 -1 2 -1 10 -1 6 -1 2 -1 12 -1 2 -1 10 -1 6 -1 2 -1 2 -1 2 -1 7 -1 43 -1 14 -1 2 -1 7 -1 2 -1 2 -1 7 -1 9 -1 2 -1 2 -1 32 -1 2 -1 2 -1 2 -1 7 -1 2 -1 6 -1 2 -1 7 -1 2 -1 2 -1 2 -1 2 -1 6 -1 7 -1 2 -1 14 -1 3 -1 3 -1 39 -1 -2
3 -1 2 -1 29 -1 -2
4 -1 23 -1 -2
7 -1 2 -1 7 -1 13 -1 9 -1 2 -1 7 -1 -2
9 -1 6 -1 -2
9 -1 2 -1 -2
9 -1 25 -1 7 -1 2 -1 -2
25 -1 7 -1 9 -1 12 -1 34 -1 -2
2 -1 7 -1 2 -1 14 -1 -2
28 -1 2 -1 7 -1 8 -1 2 -1 6 -1 2 -1 5 -1 2 -1 5 -1 2 -1 5 -1 2 -1 16 -1 12 -1 16 -1 33 -1 25 -1 5 -1 3 -1 5 -1 1 -1 12 -1 9 -1 5 -1 9 -1 5 -1 2 -1 25 -1 12 -1 13 -1 38 -1 6 -1 2 -1 6 -1 2 -1 4 -1 -2
33 -1 9 -1 16 -1 7 -1 2 -1 12 -1 -2
12 -1 16 -1 19 -1 12 -1 7 -1 44 -1 13 -1 6 -1 2 -1 6 -1 -2
10 -1 3 -1 9 -1 13 -1 2 -1 14 -1 3 -1 7 -1 3 -1 13 -1 2 -1 7 -1 22 -1 -2
19 -1 2 -1 19 -1 -2
42 -1 2 -1 25 -1 12 -1 8 -1 12 -1 9 -1 5 -1 2 -1 26 -1 -2
2 -1 3 -1 29 -1 3 -1 29 -1 3 -1 29 -1 6 -1 3 -1 3 -1 47 -1 -2
12 -1 9 -1 2 -1 2 -1 2 -1 -2
24 -1 7 -1 39 -1 8 -1 39 -1 8 -1 9 -1 16 -1 8 -1 24 -1 12 -1 34 -1 -2
19 -1 17 -1 13 -1 22 -1 44 -1 -2
5 -1 7 -1 18 -1 9 -1 12 -1 7 -1 18 -1 9 -1 7 -1 2 -1 7 -1 9 -1 18 -1 12 -1 9 -1 7 -1 13 -1 2 -1 12 -1 2 -1 7 -1 2 -1 2 -1 7 -1 -2
7 -1 8 -1 2 -1 14 -1 10 -1 8 -1 -2
2 -1 7 -1 -2
12 -1 28 -1 3 -1 5 -1 3 -1 28 -1 3 -1 5 -1 28 -1 3 -1 8 -1 2 -1 39 -1 -2
7 -1 9 -1 2 -1 9 -1 9 -1 6 -1 2 -1 14 -1 2 -1 2 -1 13 -1 12 -1 13 -1 9 -1 7 -1 2 -1 8 -1 13 -1 2 -1 2 -1 2 -1 2 -1 2 -1 2 -1 2 -1 2 -1 14 -1 9 -1 19 -1 -2
6 -1 29 -1 2 -1 -2
22 -1 2 -1 7 -1 -2
2 -1 19 -1 -2
10 -1 3 -1 22 -1 -2
22 -1 8 -1 -2
4 -1 38 -1 24 -1 -2
19 -1 9 -1 34 -1 2 -1 34 -1 -2
19 -1 2 -1 50 -1 39 -1 -2
35 -1 28 -1 32 -1 2 -1 5 -1 2 -1 19 -1 -2
6 -1 2 -1 7 -1 9 -1 7 -1 2 -1 8 -1 2 -1 7 -1 2 -1 7 -1 2 -1 7 -1 25 -1 7 -1 2 -1 7 -1 2 -1 8 -1 7 -1 9 -1 -2
12 -1 25 -1 28 -1 3 -1 12 -1 2 -1 6 -1 -2
6 -1 2 -1 9 -1 3 -1 9 -1 9 -1 -2
8 -1 7 -1 -2
2 -1 4 -1 22 -1 -2
8 -1 2 -1 7 -1 2 -1 22 -1 -2
7 -1 8 -1 9 -1 7 -1 7 -1 -2
9 -1 2 -1 -2
7 -1 12 -1 7 -1 -2
25 -1 2 -1 6 -1 -2
2 -1 6 -1 -2
7 -1 20 -1 7 -1 -2
6 -1 2 -1 6 -1 -2
6 -1 2 -1 8 -1 9 -1 4 -1 7 -1 23 -1 9 -1 10 -1 24 -1 -2
4 -1 8 -1 -2
24 -1 23 -1 25 -1 23 -1 7 -1 13 -1 43 -1 23 -1 -2
7 -1 2 -1 2 -1 -2
25 -1 41 -1 2 -1 7 -1 -2
39 -1 9 -1 12 -1 -2
22 -1 43 -1 4 -1 -2
6 -1 38 -1 45 -1 -2
7 -1 9 -1 8 -1 9 -1 13 -1 2 -1 19 -1 -2
4 -1 31 -1 -2
39 -1 9 -1 9 -1 22 -1 -2
2 -1 2 -1 6 -1 2 -1 -2
8 -1 2 -1 6 -1 -2
13 -1 9 -1 7 -1 9 -1 44 -1 9 -1 9 -1 7 -1 15 -1 2 -1 16 -1 2 -1 2 -1 16 -1 2 -1 2 -1 2 -1 22 -1 9 -1 -2
12 -1 2 -1 17 -1 2 -1 5 -1 10 -1 8 -1 -2
24 -1 19 -1 8 -1 -2
7 -1 3 -1 5 -1 3 -1 6 -1 3 -1 39 -1 3 -1 5 -1 -2
45 -1 12 -1 9 -1 8 -1 2 -1 7 -1 13 -1 2 -1 7 -1 8 -1 2 -1 45 -1 16 -1 9 -1 12 -1 21 -1 2 -1 8 -1 2 -1 7 -1 2 -1 41 -1 2 -1 35 -1 41 -1 -2
2 -1 7 -1 2 -1 -2
12 -1 15 -1 -2
7 -1 19 -1 -2
25 -1 20 -1 21 -1 -2
24 -1 7 -1 2 -1 6 -1 -2
7 -1 7 -1 7 -1 2 -1 7 -1 2 -1 6 -1 38 -1 7 -1 -2
29 -1 20 -1 12 -1 7 -1 7 -1 8 -1 9 -1 8 -1 2 -1 6 -1 2 -1 2 -1 7 -1 9 -1 9 -1 7 -1 2 -1 7 -1 2 -1 2 -1 23 -1 2 -1 7 -1 2 -1 20 -1 3 -1 6 -1 -2
6 -1 2 -1 7 -1 2 -1 5 -1 2 -1 14 -1 32 -1 2 -1 6 -1 3 -1 14 -1 3 -1 3 -1 3 -1 3 -1 7 -1 10 -1 6 -1 2 -1 39 -1 34 -1 2 -1 6 -1 -2
39 -1 7 -1 2 -1 7 -1 -2
12 -1 9 -1 7 -1 2 -1 7 -1 2 -1 1 -1 9 -1 7 -1 2 -1 2 -1 6 -1 2 -1 2 -1 3 -1 2 -1 8 -1 4 -1 2 -1 2 -1 7 -1 9 -1 7 -1 2 -1 7 -1 2 -1 7 -1 2 -1 8 -1 2 -1 8 -1 9 -1 32 -1 2 -1 3 -1 5 -1 2 -1 7 -1 2 -1 7 -1 10 -1 7 -1 9 -1 44 -1 -2
23 -1 2 -1 32 -1 -2
33 -1 8 -1 9 -1 19 -1 38 -1 39 -1 -2
39 -1 45 -1 41 -1 38 -1 27 -1 26 -1 -2
6 -1 2 -1 22 -1 -2
2 -1 7 -1 7 -1 2 -1 2 -1 -2
7 -1 2 -1 7 -1 13 -1 9 -1 2 -1 7 -1 -2
2 -1 2 -1 7 -1 42 -1 13 -1 -2
7 -1 9 -1 8 -1 9 -1 7 -1 9 -1 14 -1 8 -1 -2
45 -1 9 -1 7 -1 13 -1 2 -1 7 -1 13 -1 2 -1 6 -1 9 -1 7 -1 9 -1 15 -1 2 -1 35 -1 43 -1 6 -1 -2
4 -1 34 -1 2 -1 7 -1 -2
6 -1 2 -1 -2
28 -1 2 -1 3 -1 6 -1 -2
52 -1 37 -1 13 -1 -2
7 -1 8 -1 7 -1 33 -1 39 -1 2 -1 6 -1 20 -1 6 -1 11 -1 6 -1 -2
8 -1 2 -1 6 -1 10 -1 2 -1 2 -1 -2
19 -1 16 -1 7 -1 16 -1 13 -1 2 -1 2 -1 5 -1 12 -1 2 -1 12 -1 2 -1 12 -1 2 -1 6 -1 2 -1 12 -1 2 -1 22 -1 -2
49 -1 29 -1 2 -1 7 -1 -2
7 -1 34 -1 -2
5 -1 2 -1 6 -1 9 -1 2 -1 7 -1 2 -1 7 -1 38 -1 6 -1 2 -1 6 -1 9 -1 6 -1 -2
7 -1 2 -1 7 -1 7 -1 2 -1 44 -1 -2
50 -1 9 -1 5 -1 50 -1 2 -1 -2
44 -1 12 -1 8 -1 2 -1 7 -1 12 -1 7 -1 34 -1 -2
2 -1 6 -1 2 -1 7 -1 2 -1 7 -1 2 -1 7 -1 -2
12 -1 3 -1 28 -1 7 -1 9 -1 7 -1 2 -1 5 -1 3 -1 7 -1 3 -1 3 -1 6 -1 3 -1 6 -1 3 -1 6 -1 3 -1 7 -1 12 -1 9 -1 13 -1 2 -1 2 -1 41 -1 -2
24 -1 8 -1 9 -1 6 -1 -2
9 -1 8 -1 9 -1 2 -1 6 -1 2 -1 2 -1 2 -1 2 -1 2 -1 2 -1 6 -1 9 -1 7 -1 2 -1 6 -1 2 -1 9 -1 -2
6 -1 3 -1 6 -1 3 -1 5 -1 5 -1 3 -1 5 -1 3 -1 5 -1 3 -1 6 -1 3 -1 14 -1 3 -1 6 -1 2 -1 7 -1 26 -1 -2
39 -1 2 -1 22 -1 -2
4 -1 2 -1 7 -1 2 -1 6 -1 2 -1 6 -1 2 -1 14 -1 2 -1 14 -1 -2
9 -1 6 -1 -2
2 -1 22 -1 2 -1 2 -1 11 -1 2 -1 2 -1 6 -1 2 -1 11 -1 3 -1 1 -1 2 -1 -2
8 -1 2 -1 7 -1 2 -1 30 -1 7 -1 25 -1 7 -1 2 -1 22 -1 -2
2 -1 2 -1 2 -1 6 -1 2 -1 2 -1 5 -1 2 -1 6 -1 2 -1 2 -1 9 -1 2 -1 9 -1 1 -1 5 -1 3 -1 5 -1 1 -1 2 -1 1 -1 2 -1 1 -1 2 -1 6 -1 2 -1 6 -1 2 -1 6 -1 6 -1 2 -1 7 -1 2 -1 1 -1 9 -1 6 -1 3 -1 6 -1 3 -1 14 -1 -2
19 -1 7 -1 2 -1 7 -1 19 -1 7 -1 8 -1 7 -1 19 -1 -2
24 -1 2 -1 6 -1 2 -1 -2
25 -1 15 -1 -2
6 -1 40 -1 6 -1 -2
6 -1 2 -1 5 -1 2 -1 6 -1 7 -1 9 -1 19 -1 -2
7 -1 29 -1 16 -1 29 -1 7 -1 -2
28 -1 5 -1 -2
37 -1 35 -1 -2
2 -1 22 -1 -2
19 -1 50 -1 7 -1 25 -1 8 -1 -2
6 -1 2 -1 7 -1 47 -1 2 -1 7 -1 2 -1 7 -1 9 -1 12 -1 7 -1 -2
41 -1 2 -1 7 -1 -2
12 -1 3 -1 25 -1 1 -1 3 -1 1 -1 12 -1 -2
21 -1 2 -1 5 -1 24 -1 16 -1 9 -1 7 -1 16 -1 14 -1 34 -1 2 -1 6 -1 -2
45 -1 12 -1 -2
5 -1 2 -1 2 -1 2 -1 -2
4 -1 5 -1 3 -1 4 -1 -2
6 -1 2 -1 6 -1 -2
32 -1 9 -1 10 -1 8 -1 10 -1 5 -1 -2
2 -1 2 -1 -2
12 -1 7 -1 2 -1 7 -1 -2
9 -1 6 -1 2 -1 6 -1 -2
7 -1 2 -1 7 -1 22 -1 -2
10 -1 7 -1 -2
55 -1 24 -1 -2
45 -1 21 -1 2 -1 14 -1 2 -1 14 -1 34 -1 2 -1 21 -1 2 -1 22 -1 2 -1 14 -1 2 -1 48 -1 13 -1 -2
4 -1 13 -1 -2
9 -1 39 -1 9 -1 9 -1 3 -1 5 -1 -2
22 -1 7 -1 21 -1 -2
6 -1 2 -1 6 -1 -2
8 -1 2 -1 9 -1 2 -1 7 -1 2 -1 18 -1 9 -1 28 -1 2 -1 5 -1 9 -1 50 -1 -2
25 -1 23 -1 2 -1 7 -1 2 -1 5 -1 2 -1 10 -1 2 -1 7 -1 2 -1 7 -1 2 -1 16 -1 7 -1 2 -1 7 -1 9 -1 7 -1 2 -1 2 -1 2 -1 7 -1 2 -1 7 -1 2 -1 7 -1 2 -1 2 -1 2 -1 7 -1 25 -1 9 -1 41 -1 9 -1 2 -1 41 -1 -2
19 -1 2 -1 25 -1 42 -1 3 -1 25 -1 41 -1 2 -1 7 -1 7 -1 40 -1 27 -1 -2
6 -1 2 -1 19 -1 2 -1 41 -1 -2
9 -1 9 -1 7 -1 -2
12 -1 2 -1 12 -1 -2
24 -1 2 -1 6 -1 2 -1 6 -1 -2
7 -1 13 -1 2 -1 8 -1 7 -1 2 -1 7 -1 -2
37 -1 50 -1 -2
8 -1 2 -1 2 -1 39 -1 -2
7 -1 3 -1 3 -1 6 -1 7 -1 8 -1 7 -1 8 -1 -2
2 -1 3 -1 7 -1 2 -1 7 -1 17 -1 -2
32 -1 2 -1 -2
3 -1 3 -1 2 -1 2 -1 32 -1 3 -1 3 -1 10 -1 24 -1 15 -1 3 -1 2 -1 -2
12 -1 2 -1 12 -1 20 -1 6 -1 3 -1 12 -1 2 -1 7 -1 2 -1 46 -1 2 -1 9 -1 2 -1 6 -1 -2
11 -1 23 -1 2 -1 2 -1 2 -1 2 -1 2 -1 -2
33 -1 25 -1 33 -1 23 -1 -2
16 -1 15 -1 3 -1 20 -1 8 -1 12 -1 42 -1 39 -1 3 -1 -2
45 -1 13 -1 2 -1 14 -1 9 -1 45 -1 -2
42 -1 22 -1 -2
37 -1 24 -1 9 -1 24 -1 15 -1 -2
49 -1 23 -1 -2
9 -1 22 -1 -2
2 -1 7 -1 2 -1 2 -1 7 -1 41 -1 -2
13 -1 2 -1 25 -1 7 -1 22 -1 7 -1 -2
23 -1 8 -1 -2
2 -1 2 -1 56 -1 3 -1 6 -1 3 -1 56 -1 3 -1 56 -1 9 -1 56 -1 2 -1 2 -1 56 -1 2 -1 3 -1 3 -1 6 -1 3 -1 2 -1 2 -1 56 -1 -2
6 -1 3 -1 6 -1 3 -1 30 -1 3 -1 30 -1 3 -1 6 -1 29 -1 3 -1 17 -1 3 -1 -2
28 -1 2 -1 7 -1 -2
7 -1 22 -1 7 -1 2 -1 7 -1 -2
5 -1 2 -1 24 -1 7 -1 2 -1 7 -1 50 -1 -2
37 -1 50 -1 -2
19 -1 9 -1 23 -1 2 -1 2 -1 2 -1 9 -1 2 -1 9 -1 9 -1 2 -1 10 -1 2 -1 10 -1 6 -1 39 -1 20 -1 39 -1 2 -1 6 -1 9 -1 7 -1 12 -1 9 -1 39 -1 -2
2 -1 7 -1 2 -1 6 -1 10 -1 16 -1 53 -1 -2
8 -1 2 -1 37 -1 7 -1 9 -1 8 -1 -2
2 -1 9 -1 4 -1 2 -1 5 -1 2 -1 7 -1 16 -1 34 -1 -2
22 -1 4 -1 16 -1 9 -1 -2
33 -1 13 -1 17 -1 -2
9 -1 12 -1 21 -1 -2
4 -1 9 -1 4 -1 8 -1 -2
23 -1 9 -1 32 -1 -2
8 -1 2 -1 12 -1 2 -1 6 -1 -2
7 -1 2 -1 28 -1 2 -1 3 -1 3 -1 3 -1 3 -1 6 -1 9 -1 3 -1 3 -1 3 -1 6 -1 3 -1 2 -1 6 -1 2 -1 14 -1 9 -1 9 -1 6 -1 3 -1 3 -1 3 -1 3 -1 6 -1 3 -1 5 -1 3 -1 3 -1 3 -1 3 -1 3 -1 20 -1 9 -1 2 -1 39 -1 18 -1 7 -1 -2
2 -1 2 -1 -2
32 -1 7 -1 2 -1 7 -1 -2
13 -1 2 -1 2 -1 2 -1 24 -1 9 -1 20 -1 -2
2 -1 10 -1 7 -1 -2
22 -1 46 -1 46 -1 4 -1 -2
8 -1 9 -1 12 -1 8 -1 9 -1 12 -1 2 -1 7 -1 9 -1 7 -1 2 -1 6 -1 2 -1 6 -1 9 -1 25 -1 2 -1 7 -1 2 -1 7 -1 2 -1 7 -1 2 -1 6 -1 9 -1 6 -1 2 -1 8 -1 9 -1 7 -1 2 -1 8 -1 2 -1 14 -1 -2
7 -1 2 -1 7 -1 19 -1 37 -1 -2
24 -1 12 -1 7 -1 35 -1 40 -1 7 -1 41 -1 -2
6 -1 2 -1 -2
27 -1 9 -1 26 -1 -2
6 -1 3 -1 2 -1 2 -1 2 -1 2 -1 2 -1 2 -1 6 -1 21 -1 2 -1 13 -1 2 -1 19 -1 -2
16 -1 7 -1 2 -1 7 -1 9 -1 7 -1 -2
7 -1 34 -1 -2
47 -1 24 -1 10 -1 2 -1 6 -1 13 -1 24 -1 13 -1 21 -1 2 -1 7 -1 2 -1 22 -1 -2
6 -1 2 -1 6 -1 2 -1 -2
39 -1 2 -1 23 -1 -2
6 -1 2 -1 2 -1 2 -1 -2
6 -1 2 -1 6 -1 2 -1 -2
2 -1 10 -1 10 -1 -2
6 -1 2 -1 2 -1 2 -1 1 -1 35 -1 2 -1 7 -1 -2
4 -1 15 -1 -2
19 -1 2 -1 34 -1 -2
12 -1 8 -1 2 -1 12 -1 2 -1 2 -1 -2
47 -1 24 -1 41 -1 2 -1 26 -1 41 -1 -2
9 -1 3 -1 3 -1 5 -1 3 -1 6 -1 3 -1 20 -1 3 -1 1 -1 3 -1 9 -1 6 -1 3 -1 6 -1 2 -1 2 -1 2 -1 3 -1 2 -1 25 -1 -2
9 -1 52 -1 7 -1 2 -1 7 -1 8 -1 9 -1 50 -1 2 -1 2 -1 2 -1 2 -1 2 -1 2 -1 2 -1 2 -1 2 -1 2 -1 2 -1 2 -1 57 -1 7 -1 2 -1 57 -1 2 -1 7 -1 2 -1 7 -1 2 -1 16 -1 33 -1 7 -1 19 -1 9 -1 12 -1 9 -1 7 -1 2 -1 7 -1 9 -1 5 -1 2 -1 7 -1 22 -1 2 -1 4 -1 -2
24 -1 9 -1 12 -1 9 -1 8 -1 9 -1 13 -1 2 -1 7 -1 -2
2 -1 2 -1 3 -1 2 -1 2 -1 2 -1 22 -1 2 -1 7 -1 22 -1 -2
24 -1 21 -1 7 -1 2 -1 23 -1 2 -1 20 -1 2 -1 8 -1 2 -1 20 -1 6 -1 2 -1 2 -1 41 -1 -2
12 -1 13 -1 9 -1 7 -1 12 -1 8 -1 -2
2 -1 2 -1 -2
33 -1 41 -1 -2
2 -1 2 -1 2 -1 -2
6 -1 38 -1 6 -1 -2
7 -1 2 -1 -2
2 -1 2 -1 -2
6 -1 2 -1 12 -1 5 -1 -2
6 -1 13 -1 9 -1 27 -1 -2
39 -1 8 -1 2 -1 5 -1 -2
6 -1 2 -1 7 -1 2 -1 7 -1 2 -1 -2
44 -1 21 -1 -2
34 -1 6 -1 2 -1 4 -1 20 -1 -2
33 -1 2 -1 47 -1 2 -1 47 -1 33 -1 8 -1 2 -1 24 -1 47 -1 12 -1 9 -1 12 -1 12 -1 41 -1 -2
8 -1 15 -1 2 -1 8 -1 45 -1 25 -1 9 -1 12 -1 3 -1 9 -1 2 -1 12 -1 3 -1 6 -1 2 -1 13 -1 -2
20 -1 2 -1 24 -1 29 -1 -2
33 -1 3 -1 3 -1 2 -1 4 -1 2 -1 2 -1 10 -1 4 -1 -2
14 -1 2 -1 14 -1 2 -1 6 -1 2 -1 14 -1 18 -1 22 -1 2 -1 -2
45 -1 9 -1 6 -1 -2
33 -1 9 -1 13 -1 9 -1 6 -1 2 -1 13 -1 2 -1 2 -1 9 -1 24 -1 2 -1 7 -1 -2
2 -1 2 -1 9 -1 2 -1 2 -1 4 -1 -2
12 -1 2 -1 2 -1 7 -1 2 -1 5 -1 2 -1 5 -1 6 -1 3 -1 3 -1 6 -1 3 -1 3 -1 2 -1 2 -1 2 -1 2 -1 7 -1 8 -1 2 -1 2 -1 12 -1 9 -1 7 -1 2 -1 13 -1 7 -1 2 -1 6 -1 2 -1 2 -1 3 -1 -2
7 -1 15 -1 19 -1 -2
7 -1 4 -1 -2
20 -1 13 -1 -2
39 -1 2 -1 6 -1 9 -1 7 -1 2 -1 7 -1 2 -1 7 -1 8 -1 9 -1 -2
4 -1 29 -1 -2
2 -1 2 -1 16 -1 37 -1 -2
4 -1 2 -1 22 -1 -2
33 -1 9 -1 13 -1 -2
7 -1 2 -1 7 -1 2 -1 8 -1 2 -1 7 -1 2 -1 14 -1 -2
12 -1 9 -1 9 -1 3 -1 3 -1 3 -1 3 -1 19 -1 3 -1 2 -1 7 -1 2 -1 2 -1 3 -1 3 -1 3 -1 3 -1 3 -1 12 -1 10 -1 6 -1 5 -1 2 -1 2 -1 12 -1 10 -1 2 -1 7 -1 6 -1 3 -1 3 -1 7 -1 2 -1 7 -1 2 -1 2 -1 7 -1 -2
37 -1 31 -1 -2
7 -1 9 -1 7 -1 9 -1 7 -1 8 -1 7 -1 2 -1 24 -1 7 -1 20 -1 2 -1 25 -1 2 -1 6 -1 2 -1 7 -1 2 -1 6 -1 2 -1 7 -1 -2
12 -1 2 -1 6 -1 5 -1 3 -1 6 -1 3 -1 6 -1 3 -1 6 -1 3 -1 16 -1 7 -1 5 -1 -2
6 -1 2 -1 41 -1 2 -1 2 -1 -2
8 -1 2 -1 2 -1 8 -1 2 -1 14 -1 9 -1 13 -1 -2
12 -1 2 -1 12 -1 2 -1 32 -1 3 -1 5 -1 6 -1 5 -1 3 -1 6 -1 3 -1 5 -1 3 -1 6 -1 3 -1 28 -1 3 -1 5 -1 3 -1 6 -1 3 -1 5 -1 3 -1 5 -1 3 -1 5 -1 14 -1 9 -1 5 -1 3 -1 14 -1 3 -1 25 -1 5 -1 3 -1 25 -1 13 -1 -2
6 -1 2 -1 9 -1 3 -1 9 -1 9 -1 -2
35 -1 46 -1 3 -1 -2
2 -1 2 -1 9 -1 2 -1 2 -1 4 -1 -2
7 -1 2 -1 7 -1 2 -1 4 -1 -2
5 -1 9 -1 12 -1 39 -1 2 -1 56 -1 2 -1 56 -1 9 -1 56 -1 2 -1 56 -1 2 -1 56 -1 2 -1 56 -1 9 -1 56 -1 2 -1 56 -1 28 -1 3 -1 6 -1 3 -1 13 -1 2 -1 2 -1 -2
5 -1 9 -1 6 -1 3 -1 6 -1 3 -1 6 -1 9 -1 24 -1 2 -1 13 -1 -2
23 -1 39 -1 -2
19 -1 38 -1 8 -1 2 -1 -2
24 -1 16 -1 7 -1 5 -1 7 -1 41 -1 -2
12 -1 8 -1 44 -1 2 -1 7 -1 2 -1 7 -1 7 -1 29 -1 7 -1 34 -1 -2
20 -1 39 -1 -2
9 -1 38 -1 -2
4 -1 40 -1 22 -1 -2
7 -1 2 -1 12 -1 2 -1 6 -1 2 -1 7 -1 -2
14 -1 2 -1 7 -1 8 -1 2 -1 10 -1 24 -1 13 -1 2 -1 14 -1 7 -1 2 -1 12 -1 2 -1 7 -1 13 -1 38 -1 23 -1 -2
29 -1 2 -1 10 -1 2 -1 7 -1 2 -1 2 -1 7 -1 33 -1 -2
9 -1 12 -1 3 -1 12 -1 9 -1 1 -1 25 -1 2 -1 12 -1 9 -1 18 -1 2 -1 18 -1 12 -1 2 -1 14 -1 12 -1 8 -1 2 -1 6 -1 2 -1 7 -1 2 -1 7 -1 2 -1 7 -1 2 -1 7 -1 2 -1 6 -1 9 -1 7 -1 2 -1 7 -1 2 -1 8 -1 9 -1 7 -1 2 -1 7 -1 2 -1 14 -1 2 -1 8 -1 2 -1 11 -1 3 -1 2 -1 2 -1 9 -1 6 -1 3 -1 11 -1 3 -1 2 -1 6 -1 2 -1 8 -1 2 -1 2 -1 2 -1 2 -1 9 -1 2 -1 2 -1 2 -1 2 -1 2 -1 3 -1 3 -1 2 -1 2 -1 2 -1 2 -1 7 -1 7 -1 2 -1 2 -1 8 -1 2 -1 5 -1 2 -1 6 -1 3 -1 3 -1 5 -1 3 -1 2 -1 7 -1 2 -1 2 -1 2 -1 7 -1 2 -1 8 -1 2 -1 8 -1 12 -1 2 -1 6 -1 3 -1 7 -1 25 -1 7 -1 2 -1 7 -1 -2
24 -1 9 -1 21 -1 2 -1 7 -1 20 -1 -2
9 -1 4 -1 -2
37 -1 50 -1 -2
23 -1 2 -1 7 -1 3 -1 2 -1 7 -1 2 -1 6 -1 2 -1 6 -1 3 -1 5 -1 14 -1 5 -1 3 -1 5 -1 3 -1 28 -1 3 -1 14 -1 5 -1 3 -1 5 -1 14 -1 5 -1 3 -1 1 -1 5 -1 1 -1 12 -1 13 -1 -2
6 -1 22 -1 -2
8 -1 36 -1 2 -1 8 -1 8 -1 2 -1 55 -1 -2
7 -1 2 -1 7 -1 9 -1 7 -1 2 -1 7 -1 9 -1 2 -1 7 -1 2 -1 39 -1 2 -1 39 -1 2 -1 7 -1 2 -1 44 -1 2 -1 2 -1 7 -1 2 -1 2 -1 2 -1 8 -1 2 -1 6 -1 2 -1 2 -1 6 -1 2 -1 6 -1 2 -1 2 -1 10 -1 2 -1 39 -1 2 -1 39 -1 2 -1 39 -1 2 -1 12 -1 11 -1 2 -1 2 -1 2 -1 2 -1 2 -1 9 -1 2 -1 2 -1 2 -1 2 -1 2 -1 2 -1 2 -1 2 -1 2 -1 2 -1 39 -1 39 -1 2 -1 10 -1 2 -1 7 -1 29 -1 2 -1 2 -1 2 -1 2 -1 2 -1 2 -1 6 -1 2 -1 6 -1 2 -1 9 -1 7 -1 2 -1 11 -1 -2
6 -1 2 -1 2 -1 50 -1 2 -1 37 -1 9 -1 37 -1 9 -1 36 -1 -2
4 -1 6 -1 -2
12 -1 25 -1 12 -1 10 -1 3 -1 12 -1 9 -1 8 -1 2 -1 6 -1 2 -1 7 -1 2 -1 -2
3 -1 2 -1 7 -1 -2
35 -1 9 -1 10 -1 19 -1 12 -1 -2
25 -1 22 -1 -2
6 -1 37 -1 -2
7 -1 9 -1 8 -1 2 -1 7 -1 2 -1 14 -1 8 -1 9 -1 8 -1 -2
12 -1 2 -1 12 -1 15 -1 44 -1 12 -1 2 -1 5 -1 3 -1 5 -1 2 -1 3 -1 5 -1 3 -1 5 -1 3 -1 14 -1 28 -1 3 -1 14 -1 13 -1 -2
6 -1 3 -1 6 -1 2 -1 14 -1 7 -1 2 -1 7 -1 6 -1 3 -1 3 -1 13 -1 24 -1 22 -1 -2
33 -1 2 -1 2 -1 24 -1 9 -1 25 -1 33 -1 9 -1 25 -1 12 -1 9 -1 8 -1 2 -1 16 -1 2 -1 7 -1 38 -1 6 -1 -2
6 -1 2 -1 6 -1 -2
6 -1 7 -1 -2
7 -1 2 -1 -2
39 -1 9 -1 39 -1 8 -1 39 -1 -2
13 -1 9 -1 33 -1 28 -1 9 -1 6 -1 28 -1 -2
19 -1 8 -1 9 -1 8 -1 2 -1 5 -1 7 -1 -2
6 -1 2 -1 2 -1 2 -1 -2
7 -1 20 -1 13 -1 2 -1 33 -1 7 -1 39 -1 2 -1 6 -1 -2
7 -1 20 -1 9 -1 7 -1 2 -1 6 -1 2 -1 7 -1 2 -1 6 -1 -2
7 -1 2 -1 2 -1 -2
39 -1 2 -1 -2
8 -1 2 -1 8 -1 2 -1 12 -1 9 -1 29 -1 9 -1 1 -1 9 -1 7 -1 9 -1 12 -1 9 -1 7 -1 2 -1 7 -1 9 -1 7 -1 9 -1 12 -1 9 -1 10 -1 9 -1 12 -1 9 -1 34 -1 -2
6 -1 2 -1 7 -1 9 -1 5 -1 3 -1 28 -1 3 -1 22 -1 -2
13 -1 2 -1 2 -1 2 -1 6 -1 -2
4 -1 13 -1 2 -1 8 -1 2 -1 39 -1 30 -1 5 -1 3 -1 14 -1 50 -1 -2
46 -1 33 -1 -2
29 -1 2 -1 7 -1 2 -1 7 -1 2 -1 1 -1 2 -1 14 -1 7 -1 -2
7 -1 42 -1 15 -1 2 -1 8 -1 9 -1 7 -1 -2
33 -1 41 -1 -2
5 -1 3 -1 35 -1 2 -1 6 -1 3 -1 6 -1 3 -1 6 -1 3 -1 6 -1 2 -1 13 -1 2 -1 13 -1 2 -1 8 -1 2 -1 12 -1 13 -1 2 -1 38 -1 34 -1 -2
14 -1 2 -1 31 -1 -2
7 -1 2 -1 34 -1 -2
7 -1 15 -1 2 -1 14 -1 7 -1 15 -1 9 -1 9 -1 15 -1 21 -1 38 -1 4 -1 -2
6 -1 2 -1 18 -1 2 -1 6 -1 2 -1 8 -1 -2
9 -1 13 -1 3 -1 28 -1 3 -1 5 -1 3 -1 7 -1 3 -1 7 -1 7 -1 9 -1 21 -1 7 -1 13 -1 2 -1 7 -1 34 -1 2 -1 25 -1 3 -1 28 -1 3 -1 5 -1 9 -1 6 -1 6 -1 3 -1 6 -1 3 -1 4 -1 -2
33 -1 2 -1 9 -1 2 -1 2 -1 2 -1 8 -1 2 -1 2 -1 2 -1 -2
8 -1 2 -1 8 -1 2 -1 8 -1 2 -1 6 -1 2 -1 44 -1 7 -1 2 -1 7 -1 8 -1 7 -1 2 -1 13 -1 2 -1 7 -1 35 -1 2 -1 8 -1 2 -1 6 -1 2 -1 7 -1 9 -1 6 -1 2 -1 14 -1 38 -1 49 -1 38 -1 8 -1 2 -1 8 -1 2 -1 8 -1 7 -1 13 -1 2 -1 6 -1 2 -1 4 -1 -2
6 -1 11 -1 3 -1 9 -1 7 -1 2 -1 7 -1 -2
52 -1 25 -1 20 -1 7 -1 7 -1 24 -1 23 -1 -2
8 -1 2 -1 7 -1 7 -1 2 -1 34 -1 -2
2 -1 6 -1 -2
2 -1 2 -1 9 -1 22 -1 -2
12 -1 2 -1 7 -1 2 -1 7 -1 2 -1 7 -1 -2
2 -1 2 -1 2 -1 5 -1 9 -1 6 -1 9 -1 5 -1 3 -1 16 -1 19 -1 -2
6 -1 9 -1 50 -1 -2
7 -1 2 -1 7 -1 -2
44 -1 2 -1 6 -1 10 -1 -2
3 -1 32 -1 8 -1 -2
9 -1 3 -1 2 -1 3 -1 20 -1 3 -1 8 -1 9 -1 -2
6 -1 3 -1 8 -1 -2
9 -1 7 -1 -2
25 -1 5 -1 -2
8 -1 9 -1 2 -1 9 -1 3 -1 35 -1 2 -1 14 -1 23 -1 -2
32 -1 32 -1 9 -1 39 -1 32 -1 39 -1 32 -1 39 -1 8 -1 9 -1 39 -1 -2
24 -1 16 -1 8 -1 2 -1 7 -1 19 -1 -2
16 -1 20 -1 42 -1 -2
10 -1 5 -1 2 -1 5 -1 -2
4 -1 34 -1 -2
41 -1 26 -1 -2
2 -1 2 -1 6 -1 -2
2 -1 2 -1 -2
6 -1 2 -1 2 -1 2 -1 2 -1 6 -1 9 -1 -2
7 -1 2 -1 7 -1 34 -1 -2
6 -1 2 -1 3 -1 38 -1 7 -1 -2
6 -1 2 -1 -2
7 -1 8 -1 2 -1 7 -1 2 -1 7 -1 25 -1 7 -1 20 -1 -2
10 -1 34 -1 -2
21 -1 9 -1 23 -1 -2
5 -1 9 -1 -2
3 -1 3 -1 3 -1 3 -1 3 -1 3 -1 3 -1 3 -1 3 -1 9 -1 3 -1 -2
8 -1 2 -1 9 -1 2 -1 2 -1 9 -1 2 -1 6 -1 2 -1 2 -1 2 -1 2 -1 50 -1 10 -1 2 -1 9 -1 2 -1 2 -1 2 -1 2 -1 2 -1 2 -1 -2
39 -1 2 -1 39 -1 2 -1 6 -1 2 -1 2 -1 8 -1 2 -1 2 -1 2 -1 2 -1 2 -1 9 -1 14 -1 2 -1 25 -1 2 -1 2 -1 2 -1 39 -1 2 -1 6 -1 2 -1 7 -1 2 -1 6 -1 2 -1 2 -1 2 -1 -2
6 -1 2 -1 12 -1 3 -1 56 -1 2 -1 56 -1 56 -1 2 -1 56 -1 2 -1 56 -1 5 -1 2 -1 6 -1 2 -1 6 -1 2 -1 8 -1 2 -1 6 -1 -2
27 -1 26 -1 -2
19 -1 2 -1 4 -1 -2
32 -1 32 -1 -2
22 -1 22 -1 -2
6 -1 2 -1 6 -1 -2
25 -1 8 -1 2 -1 7 -1 -2
18 -1 9 -1 39 -1 8 -1 -2
14 -1 2 -1 14 -1 2 -1 24 -1 2 -1 24 -1 2 -1 13 -1 2 -1 24 -1 2 -1 8 -1 44 -1 9 -1 7 -1 5 -1 3 -1 14 -1 7 -1 2 -1 7 -1 2 -1 25 -1 7 -1 12 -1 13 -1 -2
3 -1 25 -1 12 -1 7 -1 9 -1 18 -1 2 -1 12 -1 2 -1 2 -1 7 -1 9 -1 2 -1 7 -1 9 -1 7 -1 -2
39 -1 2 -1 23 -1 -2
9 -1 2 -1 2 -1 3 -1 2 -1 8 -1 -2
25 -1 50 -1 -2
6 -1 20 -1 6 -1 3 -1 3 -1 3 -1 20 -1 7 -1 2 -1 2 -1 6 -1 9 -1 6 -1 2 -1 9 -1 10 -1 9 -1 7 -1 -2
8 -1 2 -1 50 -1 37 -1 -2
7 -1 35 -1 -2
29 -1 16 -1 8 -1 34 -1 43 -1 -2
5 -1 2 -1 6 -1 9 -1 2 -1 7 -1 2 -1 7 -1 38 -1 6 -1 2 -1 6 -1 9 -1 6 -1 -2
8 -1 2 -1 6 -1 2 -1 22 -1 -2
2 -1 2 -1 2 -1 9 -1 2 -1 2 -1 2 -1 6 -1 2 -1 2 -1 2 -1 2 -1 2 -1 -2
23 -1 7 -1 8 -1 2 -1 -2
12 -1 9 -1 8 -1 9 -1 12 -1 2 -1 7 -1 2 -1 7 -1 13 -1 2 -1 7 -1 13 -1 43 -1 4 -1 -2
23 -1 7 -1 9 -1 18 -1 -2
2 -1 2 -1 9 -1 2 -1 -2
10 -1 13 -1 -2
7 -1 9 -1 6 -1 -2
24 -1 34 -1 2 -1 7 -1 9 -1 7 -1 -2
32 -1 2 -1 7 -1 2 -1 2 -1 33 -1 13 -1 2 -1 10 -1 2 -1 13 -1 -2
9 -1 6 -1 2 -1 2 -1 7 -1 -2
39 -1 10 -1 39 -1 9 -1 -2
20 -1 12 -1 1 -1 7 -1 3 -1 7 -1 5 -1 2 -1 8 -1 2 -1 7 -1 2 -1 25 -1 7 -1 2 -1 7 -1 2 -1 2 -1 2 -1 2 -1 2 -1 2 -1 6 -1 2 -1 25 -1 7 -1 2 -1 2 -1 2 -1 7 -1 2 -1 7 -1 2 -1 2 -1 7 -1 2 -1 6 -1 2 -1 2 -1 3 -1 3 -1 47 -1 3 -1 12 -1 2 -1 -2
16 -1 33 -1 -2
5 -1 6 -1 2 -1 4 -1 -2
2 -1 14 -1 9 -1 2 -1 34 -1 -2
7 -1 2 -1 6 -1 9 -1 7 -1 2 -1 2 -1 2 -1 7 -1 9 -1 20 -1 2 -1 10 -1 -2
19 -1 16 -1 29 -1 40 -1 19 -1 -2
25 -1 40 -1 37 -1 -2
7 -1 2 -1 56 -1 2 -1 56 -1 2 -1 56 -1 2 -1 56 -1 -2
2 -1 6 -1 -2
19 -1 2 -1 2 -1 8 -1 2 -1 14 -1 2 -1 2 -1 2 -1 2 -1 2 -1 9 -1 9 -1 6 -1 2 -1 6 -1 2 -1 8 -1 2 -1 2 -1 6 -1 2 -1 7 -1 2 -1 7 -1 -2
25 -1 12 -1 9 -1 9 -1 8 -1 9 -1 12 -1 9 -1 28 -1 9 -1 14 -1 28 -1 9 -1 12 -1 13 -1 -2
6 -1 3 -1 27 -1 26 -1 -2
10 -1 9 -1 6 -1 2 -1 10 -1 -2
7 -1 16 -1 2 -1 7 -1 32 -1 2 -1 6 -1 2 -1 25 -1 2 -1 2 -1 10 -1 2 -1 20 -1 32 -1 10 -1 2 -1 -2
13 -1 2 -1 8 -1 34 -1 38 -1 6 -1 2 -1 19 -1 -2
39 -1 8 -1 2 -1 13 -1 -2
24 -1 7 -1 44 -1 2 -1 -2
24 -1 12 -1 3 -1 16 -1 2 -1 7 -1 13 -1 2 -1 8 -1 7 -1 9 -1 7 -1 16 -1 2 -1 7 -1 13 -1 23 -1 13 -1 2 -1 2 -1 12 -1 9 -1 6 -1 3 -1 28 -1 3 -1 5 -1 3 -1 5 -1 3 -1 5 -1 6 -1 3 -1 5 -1 3 -1 6 -1 3 -1 14 -1 5 -1 14 -1 28 -1 3 -1 5 -1 3 -1 5 -1 5 -1 7 -1 13 -1 -2
16 -1 14 -1 34 -1 -2
57 -1 8 -1 -2
2 -1 7 -1 10 -1 7 -1 2 -1 2 -1 2 -1 2 -1 6 -1 2 -1 4 -1 -2
8 -1 2 -1 8 -1 2 -1 8 -1 2 -1 8 -1 2 -1 2 -1 6 -1 -2
39 -1 9 -1 19 -1 8 -1 9 -1 6 -1 2 -1 6 -1 2 -1 -2
12 -1 2 -1 9 -1 8 -1 2 -1 12 -1 2 -1 2 -1 2 -1 2 -1 2 -1 2 -1 3 -1 2 -1 7 -1 2 -1 28 -1 3 -1 5 -1 3 -1 6 -1 3 -1 14 -1 3 -1 6 -1 9 -1 5 -1 3 -1 6 -1 3 -1 14 -1 9 -1 4 -1 -2
23 -1 9 -1 20 -1 9 -1 8 -1 9 -1 7 -1 -2
23 -1 4 -1 34 -1 -2
7 -1 2 -1 9 -1 7 -1 -2
41 -1 33 -1 -2
6 -1 2 -1 4 -1 2 -1 34 -1 -2
6 -1 2 -1 13 -1 2 -1 2 -1 8 -1 -2
13 -1 38 -1 6 -1 9 -1 48 -1 6 -1 -2
4 -1 35 -1 -2
3 -1 8 -1 -2
7 -1 2 -1 7 -1 2 -1 38 -1 -2
29 -1 2 -1 6 -1 38 -1 4 -1 -2
6 -1 9 -1 24 -1 25 -1 33 -1 25 -1 8 -1 9 -1 12 -1 9 -1 25 -1 9 -1 6 -1 3 -1 6 -1 9 -1 5 -1 2 -1 3 -1 6 -1 2 -1 7 -1 9 -1 7 -1 2 -1 6 -1 6 -1 2 -1 16 -1 -2
33 -1 9 -1 12 -1 2 -1 33 -1 2 -1 7 -1 9 -1 41 -1 3 -1 3 -1 1 -1 3 -1 1 -1 3 -1 6 -1 -2
20 -1 8 -1 2 -1 8 -1 2 -1 7 -1 8 -1 9 -1 7 -1 25 -1 1 -1 2 -1 1 -1 7 -1 8 -1 2 -1 14 -1 7 -1 8 -1 9 -1 7 -1 2 -1 5 -1 2 -1 22 -1 -2
2 -1 6 -1 6 -1 2 -1 -2
10 -1 9 -1 8 -1 9 -1 44 -1 23 -1 22 -1 -2
19 -1 9 -1 7 -1 2 -1 -2
25 -1 13 -1 2 -1 6 -1 -2
33 -1 7 -1 2 -1 7 -1 2 -1 25 -1 2 -1 10 -1 9 -1 25 -1 -2
4 -1 2 -1 -2
39 -1 12 -1 9 -1 20 -1 9 -1 7 -1 7 -1 32 -1 2 -1 8 -1 2 -1 2 -1 2 -1 5 -1 9 -1 6 -1 3 -1 6 -1 3 -1 6 -1 3 -1 6 -1 3 -1 6 -1 56 -1 2 -1 2 -1 2 -1 2 -1 2 -1 2 -1 56 -1 2 -1 56 -1 9 -1 56 -1 2 -1 12 -1 25 -1 12 -1 5 -1 2 -1 5 -1 3 -1 3 -1 7 -1 9 -1 9 -1 8 -1 9 -1 7 -1 55 -1 -2
12 -1 2 -1 7 -1 -2
12 -1 5 -1 3 -1 12 -1 9 -1 13 -1 2 -1 9 -1 -2
9 -1 4 -1 -2
6 -1 2 -1 7 -1 -2
9 -1 6 -1 -2
2 -1 25 -1 4 -1 -2
22 -1 22 -1 20 -1 20 -1 7 -1 15 -1 21 -1 16 -1 8 -1 7 -1 15 -1 26 -1 -2
2 -1 7 -1 2 -1 39 -1 -2
7 -1 2 -1 32 -1 -2
7 -1 2 -1 8 -1 2 -1 7 -1 2 -1 7 -1 2 -1 6 -1 2 -1 7 -1 2 -1 7 -1 7 -1 2 -1 29 -1 2 -1 7 -1 2 -1 2 -1 7 -1 2 -1 2 -1 7 -1 7 -1 2 -1 7 -1 2 -1 7 -1 7 -1 2 -1 7 -1 2 -1 6 -1 2 -1 7 -1 2 -1 7 -1 2 -1 7 -1 2 -1 29 -1 2 -1 25 -1 23 -1 -2
8 -1 9 -1 32 -1 -2
2 -1 9 -1 6 -1 2 -1 2 -1 8 -1 9 -1 8 -1 2 -1 2 -1 9 -1 12 -1 9 -1 2 -1 6 -1 2 -1 2 -1 12 -1 -2
7 -1 2 -1 7 -1 2 -1 6 -1 7 -1 2 -1 -2
45 -1 16 -1 12 -1 45 -1 9 -1 12 -1 8 -1 9 -1 7 -1 9 -1 24 -1 35 -1 9 -1 2 -1 7 -1 41 -1 -2
50 -1 2 -1 28 -1 3 -1 6 -1 -2
24 -1 13 -1 2 -1 8 -1 2 -1 32 -1 2 -1 8 -1 2 -1 12 -1 9 -1 6 -1 9 -1 13 -1 -2
7 -1 2 -1 7 -1 2 -1 7 -1 -2
12 -1 2 -1 12 -1 3 -1 6 -1 3 -1 3 -1 7 -1 5 -1 3 -1 3 -1 1 -1 3 -1 6 -1 3 -1 6 -1 3 -1 7 -1 -2
3 -1 2 -1 10 -1 32 -1 -2
7 -1 21 -1 7 -1 -2
2 -1 2 -1 2 -1 13 -1 2 -1 13 -1 -2
2 -1 9 -1 19 -1 38 -1 41 -1 -2
39 -1 2 -1 7 -1 2 -1 2 -1 -2
6 -1 2 -1 6 -1 2 -1 2 -1 2 -1 7 -1 21 -1 -2
19 -1 7 -1 19 -1 2 -1 6 -1 -2
6 -1 45 -1 28 -1 -2
15 -1 2 -1 2 -1 -2
9 -1 16 -1 19 -1 2 -1 7 -1 -2
9 -1 2 -1 13 -1 2 -1 2 -1 2 -1 5 -1 3 -1 6 -1 2 -1 1 -1 2 -1 6 -1 9 -1 2 -1 10 -1 -2
6 -1 7 -1 13 -1 2 -1 16 -1 34 -1 -2
6 -1 3 -1 6 -1 12 -1 9 -1 29 -1 41 -1 -2
13 -1 2 -1 2 -1 12 -1 2 -1 2 -1 2 -1 2 -1 -2
7 -1 2 -1 10 -1 -2
23 -1 21 -1 23 -1 24 -1 39 -1 13 -1 -2
35 -1 2 -1 7 -1 -2
6 -1 9 -1 7 -1 2 -1 2 -1 2 -1 7 -1 3 -1 3 -1 3 -1 3 -1 2 -1 2 -1 3 -1 6 -1 3 -1 45 -1 2 -1 2 -1 13 -1 2 -1 3 -1 3 -1 -2
12 -1 19 -1 12 -1 5 -1 2 -1 12 -1 8 -1 38 -1 22 -1 -2
25 -1 7 -1 9 -1 16 -1 9 -1 22 -1 -2
6 -1 2 -1 7 -1 2 -1 7 -1 2 -1 7 -1 9 -1 2 -1 -2
9 -1 6 -1 6 -1 3 -1 2 -1 8 -1 2 -1 6 -1 -2
23 -1 2 -1 2 -1 7 -1 20 -1 10 -1 9 -1 15 -1 -2
24 -1 25 -1 7 -1 2 -1 25 -1 14 -1 -2
24 -1 9 -1 45 -1 9 -1 13 -1 2 -1 14 -1 9 -1 7 -1 7 -1 44 -1 9 -1 15 -1 2 -1 7 -1 2 -1 7 -1 9 -1 44 -1 2 -1 7 -1 3 -1 25 -1 3 -1 6 -1 3 -1 12 -1 -2
4 -1 13 -1 7 -1 2 -1 -2
6 -1 20 -1 1 -1 -2
28 -1 3 -1 6 -1 3 -1 6 -1 9 -1 6 -1 3 -1 3 -1 3 -1 6 -1 3 -1 3 -1 3 -1 3 -1 3 -1 3 -1 3 -1 3 -1 3 -1 3 -1 3 -1 3 -1 3 -1 3 -1 12 -1 8 -1 2 -1 3 -1 3 -1 3 -1 3 -1 3 -1 3 -1 3 -1 6 -1 9 -1 6 -1 3 -1 8 -1 2 -1 7 -1 9 -1 8 -1 2 -1 6 -1 3 -1 -2
6 -1 2 -1 2 -1 25 -1 2 -1 2 -1 25 -1 2 -1 12 -1 2 -1 12 -1 2 -1 12 -1 2 -1 2 -1 12 -1 2 -1 6 -1 9 -1 12 -1 9 -1 11 -1 12 -1 20 -1 9 -1 2 -1 6 -1 9 -1 2 -1 9 -1 10 -1 3 -1 3 -1 3 -1 3 -1 3 -1 3 -1 5 -1 3 -1 3 -1 3 -1 3 -1 3 -1 3 -1 9 -1 6 -1 2 -1 2 -1 2 -1 6 -1 2 -1 -2
9 -1 7 -1 9 -1 7 -1 12 -1 2 -1 13 -1 2 -1 2 -1 5 -1 13 -1 2 -1 7 -1 2 -1 14 -1 2 -1 7 -1 2 -1 7 -1 34 -1 -2
2 -1 7 -1 2 -1 6 -1 -2
32 -1 2 -1 7 -1 2 -1 7 -1 24 -1 7 -1 -2
22 -1 43 -1 4 -1 -2
23 -1 9 -1 7 -1 7 -1 7 -1 23 -1 -2
7 -1 41 -1 -2
7 -1 2 -1 7 -1 8 -1 2 -1 6 -1 20 -1 43 -1 32 -1 7 -1 9 -1 8 -1 2 -1 8 -1 7 -1 2 -1 9 -1 6 -1 20 -1 6 -1 2 -1 -2
12 -1 47 -1 25 -1 7 -1 2 -1 7 -1 -2
10 -1 9 -1 7 -1 2 -1 -2
37 -1 2 -1 -2
37 -1 2 -1 46 -1 4 -1 10 -1 46 -1 6 -1 10 -1 6 -1 2 -1 33 -1 2 -1 4 -1 2 -1 46 -1 2 -1 2 -1 2 -1 2 -1 2 -1 24 -1 2 -1 4 -1 -2
34 -1 8 -1 -2
7 -1 2 -1 7 -1 3 -1 6 -1 3 -1 11 -1 3 -1 11 -1 3 -1 11 -1 3 -1 10 -1 7 -1 9 -1 9 -1 7 -1 -2
33 -1 25 -1 27 -1 -2
2 -1 2 -1 20 -1 2 -1 2 -1 9 -1 16 -1 33 -1 16 -1 22 -1 -2
7 -1 20 -1 2 -1 7 -1 2 -1 7 -1 5 -1 2 -1 7 -1 2 -1 7 -1 21 -1 7 -1 41 -1 -2
1 -1 2 -1 35 -1 -2
12 -1 25 -1 3 -1 13 -1 2 -1 8 -1 -2
24 -1 19 -1 -2
9 -1 8 -1 9 -1 2 -1 6 -1 2 -1 2 -1 2 -1 2 -1 2 -1 2 -1 6 -1 9 -1 7 -1 2 -1 6 -1 2 -1 9 -1 -2
7 -1 16 -1 -2
9 -1 6 -1 -2
6 -1 2 -1 14 -1 -2
19 -1 40 -1 44 -1 2 -1 23 -1 2 -1 7 -1 -2
22 -1 13 -1 28 -1 -2
12 -1 16 -1 2 -1 6 -1 9 -1 10 -1 28 -1 3 -1 32 -1 19 -1 -2
8 -1 9 -1 9 -1 2 -1 2 -1 2 -1 8 -1 2 -1 22 -1 -2
22 -1 2 -1 9 -1 2 -1 44 -1 22 -1 -2
24 -1 9 -1 6 -1 -2
38 -1 8 -1 -2
19 -1 3 -1 5 -1 5 -1 3 -1 5 -1 9 -1 5 -1 3 -1 6 -1 3 -1 6 -1 3 -1 22 -1 -2
4 -1 22 -1 9 -1 9 -1 22 -1 -2
7 -1 8 -1 24 -1 39 -1 24 -1 13 -1 -2
6 -1 2 -1 6 -1 2 -1 -2
12 -1 25 -1 2 -1 12 -1 2 -1 12 -1 2 -1 7 -1 2 -1 7 -1 15 -1 9 -1 14 -1 -2
2 -1 14 -1 7 -1 8 -1 2 -1 8 -1 7 -1 15 -1 9 -1 2 -1 2 -1 22 -1 -2
7 -1 2 -1 7 -1 -2
2 -1 19 -1 -2
29 -1 24 -1 29 -1 2 -1 -2
7 -1 8 -1 39 -1 8 -1 2 -1 7 -1 34 -1 -2
16 -1 7 -1 34 -1 2 -1 34 -1 -2
2 -1 2 -1 -2
19 -1 2 -1 19 -1 -2
7 -1 2 -1 -2
7 -1 3 -1 3 -1 3 -1 3 -1 54 -1 7 -1 -2
24 -1 7 -1 9 -1 7 -1 9 -1 -2
6 -1 2 -1 2 -1 9 -1 32 -1 2 -1 2 -1 2 -1 6 -1 2 -1 -2
15 -1 29 -1 23 -1 29 -1 17 -1 9 -1 5 -1 3 -1 7 -1 15 -1 50 -1 -2
8 -1 2 -1 2 -1 7 -1 20 -1 1 -1 22 -1 -2
2 -1 2 -1 9 -1 2 -1 3 -1 7 -1 2 -1 7 -1 3 -1 18 -1 2 -1 18 -1 7 -1 9 -1 34 -1 -2
33 -1 26 -1 -2
33 -1 2 -1 33 -1 7 -1 2 -1 2 -1 2 -1 2 -1 -2
4 -1 2 -1 10 -1 16 -1 13 -1 -2
6 -1 2 -1 2 -1 2 -1 2 -1 -2
6 -1 2 -1 -2
16 -1 33 -1 16 -1 7 -1 9 -1 6 -1 8 -1 9 -1 6 -1 2 -1 12 -1 13 -1 37 -1 -2
37 -1 2 -1 -2
24 -1 13 -1 2 -1 13 -1 14 -1 9 -1 14 -1 7 -1 13 -1 7 -1 8 -1 2 -1 5 -1 12 -1 7 -1 2 -1 14 -1 7 -1 2 -1 13 -1 2 -1 25 -1 10 -1 9 -1 7 -1 2 -1 7 -1 2 -1 2 -1 7 -1 13 -1 2 -1 14 -1 9 -1 7 -1 9 -1 18 -1 7 -1 2 -1 2 -1 2 -1 7 -1 2 -1 7 -1 2 -1 30 -1 2 -1 14 -1 2 -1 14 -1 2 -1 7 -1 13 -1 2 -1 6 -1 2 -1 14 -1 2 -1 2 -1 23 -1 4 -1 2 -1 32 -1 12 -1 5 -1 9 -1 8 -1 2 -1 12 -1 7 -1 2 -1 2 -1 2 -1 2 -1 7 -1 2 -1 2 -1 2 -1 7 -1 2 -1 6 -1 9 -1 13 -1 2 -1 6 -1 3 -1 29 -1 7 -1 25 -1 23 -1 2 -1 2 -1 7 -1 2 -1 2 -1 2 -1 -2
6 -1 15 -1 2 -1 4 -1 -2
2 -1 9 -1 23 -1 -2
37 -1 50 -1 -2
2 -1 9 -1 20 -1 -2
5 -1 3 -1 1 -1 3 -1 13 -1 9 -1 13 -1 9 -1 39 -1 7 -1 3 -1 5 -1 3 -1 5 -1 3 -1 6 -1 3 -1 14 -1 3 -1 14 -1 9 -1 6 -1 3 -1 6 -1 3 -1 6 -1 3 -1 1 -1 3 -1 6 -1 9 -1 3 -1 14 -1 3 -1 8 -1 9 -1 13 -1 -2
2 -1 2 -1 -2
7 -1 2 -1 7 -1 5 -1 2 -1 2 -1 7 -1 35 -1 2 -1 6 -1 2 -1 41 -1 2 -1 2 -1 23 -1 -2
33 -1 16 -1 45 -1 7 -1 45 -1 9 -1 16 -1 12 -1 50 -1 -2
7 -1 2 -1 6 -1 2 -1 25 -1 7 -1 12 -1 9 -1 6 -1 7 -1 2 -1 2 -1 2 -1 10 -1 7 -1 13 -1 2 -1 2 -1 7 -1 34 -1 2 -1 7 -1 10 -1 -2
19 -1 9 -1 2 -1 25 -1 2 -1 25 -1 2 -1 1 -1 2 -1 6 -1 2 -1 7 -1 23 -1 9 -1 7 -1 38 -1 22 -1 -2
23 -1 7 -1 -2
4 -1 2 -1 7 -1 -2
6 -1 3 -1 5 -1 3 -1 6 -1 3 -1 7 -1 28 -1 3 -1 13 -1 2 -1 7 -1 8 -1 2 -1 7 -1 -2
46 -1 2 -1 -2
22 -1 12 -1 22 -1 2 -1 34 -1 2 -1 -2
39 -1 40 -1 39 -1 2 -1 1 -1 14 -1 2 -1 39 -1 23 -1 39 -1 10 -1 39 -1 32 -1 32 -1 -2
25 -1 19 -1 2 -1 9 -1 7 -1 2 -1 2 -1 9 -1 2 -1 2 -1 6 -1 9 -1 16 -1 2 -1 9 -1 8 -1 2 -1 7 -1 9 -1 6 -1 2 -1 13 -1 7 -1 -2
34 -1 2 -1 4 -1 -2
22 -1 9 -1 2 -1 -2
39 -1 15 -1 2 -1 13 -1 34 -1 -2
6 -1 34 -1 -2
34 -1 7 -1 -2
6 -1 38 -1 6 -1 -2
7 -1 8 -1 19 -1 -2
19 -1 25 -1 8 -1 22 -1 23 -1 -2
6 -1 2 -1 34 -1 -2
22 -1 4 -1 -2
19 -1 34 -1 -2
6 -1 2 -1 2 -1 9 -1 25 -1 34 -1 -2
7 -1 2 -1 28 -1 2 -1 7 -1 2 -1 14 -1 2 -1 25 -1 3 -1 6 -1 3 -1 39 -1 3 -1 39 -1 3 -1 14 -1 3 -1 14 -1 3 -1 5 -1 3 -1 39 -1 9 -1 39 -1 32 -1 12 -1 39 -1 -2
6 -1 42 -1 26 -1 -2
9 -1 24 -1 7 -1 2 -1 6 -1 9 -1 6 -1 2 -1 6 -1 2 -1 6 -1 2 -1 2 -1 6 -1 2 -1 2 -1 1 -1 2 -1 2 -1 2 -1 6 -1 2 -1 2 -1 6 -1 2 -1 2 -1 -2
10 -1 2 -1 7 -1 -2
2 -1 6 -1 -2
7 -1 2 -1 2 -1 2 -1 5 -1 9 -1 2 -1 6 -1 32 -1 2 -1 -2
21 -1 2 -1 12 -1 7 -1 12 -1 7 -1 9 -1 21 -1 2 -1 2 -1 2 -1 8 -1 9 -1 6 -1 2 -1 7 -1 18 -1 2 -1 6 -1 2 -1 5 -1 9 -1 28 -1 2 -1 7 -1 18 -1 2 -1 7 -1 18 -1 2 -1 7 -1 2 -1 9 -1 2 -1 2 -1 2 -1 2 -1 2 -1 2 -1 2 -1 -2
45 -1 13 -1 2 -1 7 -1 2 -1 14 -1 2 -1 14 -1 24 -1 16 -1 42 -1 12 -1 2 -1 2 -1 -2
14 -1 9 -1 8 -1 2 -1 8 -1 -2
45 -1 9 -1 6 -1 2 -1 39 -1 2 -1 39 -1 7 -1 21 -1 -2
6 -1 3 -1 2 -1 2 -1 -2
2 -1 9 -1 7 -1 2 -1 9 -1 2 -1 2 -1 10 -1 2 -1 2 -1 8 -1 2 -1 6 -1 2 -1 6 -1 2 -1 2 -1 2 -1 9 -1 -2
23 -1 34 -1 9 -1 17 -1 -2
39 -1 35 -1 2 -1 50 -1 -2
9 -1 6 -1 9 -1 -2
22 -1 2 -1 22 -1 9 -1 8 -1 2 -1 4 -1 -2
8 -1 2 -1 7 -1 15 -1 9 -1 8 -1 -2
2 -1 26 -1 -2
8 -1 2 -1 8 -1 22 -1 -2
23 -1 2 -1 12 -1 9 -1 12 -1 9 -1 6 -1 2 -1 7 -1 2 -1 7 -1 2 -1 28 -1 9 -1 28 -1 3 -1 6 -1 -2
22 -1 4 -1 13 -1 2 -1 22 -1 2 -1 22 -1 -2
4 -1 2 -1 6 -1 2 -1 -2
6 -1 3 -1 26 -1 38 -1 6 -1 -2
2 -1 2 -1 6 -1 2 -1 14 -1 2 -1 -2
35 -1 9 -1 -2
23 -1 7 -1 8 -1 9 -1 8 -1 9 -1 8 -1 9 -1 13 -1 -2
6 -1 2 -1 2 -1 10 -1 37 -1 -2
16 -1 7 -1 -2
8 -1 3 -1 6 -1 -2
35 -1 43 -1 20 -1 46 -1 4 -1 -2
5 -1 3 -1 35 -1 2 -1 6 -1 3 -1 6 -1 3 -1 6 -1 3 -1 6 -1 2 -1 13 -1 2 -1 13 -1 2 -1 8 -1 2 -1 12 -1 13 -1 2 -1 38 -1 34 -1 -2
2 -1 2 -1 -2
7 -1 2 -1 22 -1 -2
22 -1 3 -1 7 -1 2 -1 10 -1 2 -1 -2
32 -1 2 -1 54 -1 -2
7 -1 34 -1 -2
2 -1 22 -1 9 -1 6 -1 -2
16 -1 8 -1 -2
2 -1 6 -1 -2
33 -1 9 -1 22 -1 -2
6 -1 2 -1 7 -1 2 -1 7 -1 2 -1 2 -1 7 -1 2 -1 2 -1 -2
33 -1 41 -1 -2
2 -1 7 -1 2 -1 6 -1 2 -1 22 -1 -2
4 -1 7 -1 4 -1 7 -1 23 -1 -2
39 -1 9 -1 12 -1 13 -1 2 -1 8 -1 13 -1 2 -1 14 -1 13 -1 2 -1 6 -1 7 -1 15 -1 2 -1 7 -1 2 -1 -2
8 -1 19 -1 33 -1 41 -1 -2
7 -1 9 -1 34 -1 9 -1 32 -1 8 -1 9 -1 -2
2 -1 8 -1 2 -1 22 -1 -2
12 -1 25 -1 12 -1 46 -1 39 -1 46 -1 6 -1 12 -1 8 -1 9 -1 9 -1 2 -1 2 -1 7 -1 9 -1 6 -1 3 -1 12 -1 7 -1 2 -1 7 -1 2 -1 7 -1 -2
31 -1 2 -1 7 -1 -2
10 -1 2 -1 10 -1 -2
2 -1 6 -1 2 -1 -2
7 -1 8 -1 -2
5 -1 2 -1 6 -1 7 -1 3 -1 7 -1 32 -1 -2
6 -1 10 -1 16 -1 7 -1 9 -1 7 -1 2 -1 10 -1 2 -1 34 -1 2 -1 2 -1 2 -1 7 -1 -2
7 -1 4 -1 34 -1 -2
8 -1 9 -1 14 -1 9 -1 13 -1 2 -1 6 -1 -2
4 -1 9 -1 6 -1 -2
8 -1 2 -1 -2
6 -1 2 -1 6 -1 9 -1 -2
6 -1 9 -1 -2
2 -1 2 -1 34 -1 -2
14 -1 39 -1 2 -1 7 -1 2 -1 7 -1 2 -1 39 -1 2 -1 28 -1 2 -1 39 -1 2 -1 7 -1 2 -1 7 -1 -2
24 -1 7 -1 8 -1 9 -1 12 -1 15 -1 23 -1 7 -1 2 -1 7 -1 8 -1 2 -1 47 -1 9 -1 12 -1 7 -1 2 -1 2 -1 29 -1 -2
23 -1 9 -1 23 -1 9 -1 8 -1 9 -1 21 -1 7 -1 21 -1 9 -1 8 -1 10 -1 7 -1 18 -1 9 -1 7 -1 9 -1 5 -1 9 -1 5 -1 9 -1 5 -1 8 -1 2 -1 8 -1 2 -1 7 -1 9 -1 7 -1 8 -1 7 -1 13 -1 2 -1 7 -1 -2
2 -1 9 -1 -2
7 -1 34 -1 -2
24 -1 19 -1 -2
2 -1 2 -1 3 -1 6 -1 3 -1 41 -1 -2
12 -1 6 -1 7 -1 -2
24 -1 2 -1 6 -1 3 -1 2 -1 6 -1 2 -1 2 -1 -2
25 -1 7 -1 -2
35 -1 2 -1 7 -1 -2
2 -1 39 -1 9 -1 42 -1 39 -1 -2
7 -1 25 -1 37 -1 22 -1 -2
20 -1 2 -1 8 -1 2 -1 8 -1 -2
3 -1 2 -1 8 -1 -2
34 -1 9 -1 22 -1 -2
12 -1 9 -1 6 -1 9 -1 3 -1 6 -1 9 -1 5 -1 9 -1 13 -1 -2
21 -1 2 -1 19 -1 2 -1 3 -1 -2
2 -1 2 -1 2 -1 2 -1 2 -1 3 -1 2 -1 2 -1 3 -1 3 -1 35 -1 34 -1 -2
29 -1 38 -1 6 -1 -2
2 -1 2 -1 2 -1 -2
13 -1 2 -1 5 -1 9 -1 2 -1 3 -1 6 -1 2 -1 23 -1 2 -1 7 -1 -2
6 -1 9 -1 12 -1 -2
9 -1 16 -1 19 -1 2 -1 7 -1 -2
39 -1 2 -1 6 -1 2 -1 2 -1 12 -1 16 -1 -2
24 -1 9 -1 6 -1 9 -1 -2
3 -1 5 -1 25 -1 2 -1 8 -1 2 -1 8 -1 7 -1 10 -1 7 -1 10 -1 7 -1 2 -1 7 -1 -2
20 -1 3 -1 9 -1 7 -1 2 -1 7 -1 2 -1 7 -1 2 -1 7 -1 3 -1 7 -1 9 -1 7 -1 3 -1 5 -1 3 -1 3 -1 3 -1 30 -1 3 -1 3 -1 7 -1 9 -1 7 -1 3 -1 15 -1 -2
2 -1 9 -1 2 -1 14 -1 -2
7 -1 2 -1 39 -1 29 -1 2 -1 10 -1 12 -1 9 -1 12 -1 2 -1 7 -1 -2
7 -1 35 -1 -2
10 -1 19 -1 -2
7 -1 8 -1 2 -1 7 -1 -2
8 -1 6 -1 9 -1 7 -1 34 -1 43 -1 49 -1 -2
6 -1 9 -1 2 -1 2 -1 2 -1 8 -1 -2
8 -1 2 -1 4 -1 -2
2 -1 6 -1 2 -1 7 -1 25 -1 7 -1 2 -1 7 -1 7 -1 2 -1 13 -1 -2
12 -1 34 -1 -2
50 -1 9 -1 31 -1 -2
4 -1 41 -1 -2
12 -1 9 -1 8 -1 9 -1 12 -1 2 -1 7 -1 2 -1 7 -1 13 -1 2 -1 7 -1 13 -1 43 -1 4 -1 -2
22 -1 43 -1 18 -1 42 -1 -2
6 -1 4 -1 8 -1 -2
17 -1 39 -1 -2
6 -1 2 -1 12 -1 2 -1 6 -1 -2
33 -1 26 -1 -2
3 -1 35 -1 9 -1 7 -1 -2
7 -1 13 -1 -2
8 -1 2 -1 14 -1 2 -1 7 -1 2 -1 2 -1 2 -1 2 -1 9 -1 7 -1 2 -1 1 -1 2 -1 9 -1 -2
23 -1 2 -1 22 -1 -2
24 -1 9 -1 13 -1 -2
7 -1 13 -1 2 -1 14 -1 41 -1 -2
7 -1 9 -1 7 -1 2 -1 7 -1 13 -1 2 -1 13 -1 7 -1 2 -1 13 -1 2 -1 25 -1 39 -1 9 -1 18 -1 9 -1 41 -1 -2
4 -1 22 -1 -2
7 -1 2 -1 45 -1 2 -1 5 -1 14 -1 2 -1 -2
6 -1 2 -1 -2
7 -1 2 -1 14 -1 3 -1 14 -1 3 -1 7 -1 -2
29 -1 52 -1 37 -1 -2
13 -1 2 -1 8 -1 9 -1 6 -1 7 -1 9 -1 26 -1 -2
19 -1 2 -1 19 -1 2 -1 44 -1 2 -1 34 -1 -2
4 -1 7 -1 9 -1 6 -1 -2
7 -1 35 -1 -2
9 -1 24 -1 2 -1 6 -1 -2
45 -1 9 -1 7 -1 34 -1 -2
2 -1 14 -1 2 -1 2 -1 2 -1 9 -1 8 -1 2 -1 32 -1 2 -1 32 -1 2 -1 50 -1 2 -1 2 -1 8 -1 -2
32 -1 10 -1 54 -1 -2
9 -1 24 -1 7 -1 2 -1 6 -1 9 -1 6 -1 2 -1 6 -1 2 -1 6 -1 2 -1 2 -1 6 -1 2 -1 2 -1 1 -1 2 -1 2 -1 2 -1 6 -1 2 -1 2 -1 6 -1 2 -1 2 -1 -2
12 -1 23 -1 -2
46 -1 2 -1 6 -1 -2
4 -1 13 -1 2 -1 13 -1 2 -1 7 -1 -2
2 -1 8 -1 -2
8 -1 2 -1 12 -1 3 -1 2 -1 2 -1 2 -1 6 -1 2 -1 2 -1 20 -1 10 -1 2 -1 20 -1 6 -1 2 -1 2 -1 7 -1 2 -1 25 -1 9 -1 10 -1 2 -1 7 -1 2 -1 7 -1 2 -1 7 -1 9 -1 34 -1 -2
20 -1 2 -1 20 -1 -2
6 -1 2 -1 8 -1 2 -1 6 -1 -2
21 -1 20 -1 1 -1 16 -1 -2
37 -1 50 -1 -2
8 -1 2 -1 7 -1 2 -1 2 -1 8 -1 -2
7 -1 8 -1 -2
2 -1 2 -1 -2
9 -1 23 -1 -2
29 -1 10 -1 -2
7 -1 9 -1 15 -1 2 -1 7 -1 -2
8 -1 9 -1 35 -1 -2
8 -1 2 -1 8 -1 2 -1 20 -1 2 -1 28 -1 2 -1 2 -1 5 -1 2 -1 8 -1 2 -1 -2
50 -1 2 -1 50 -1 -2
6 -1 2 -1 12 -1 2 -1 7 -1 2 -1 13 -1 2 -1 8 -1 3 -1 14 -1 7 -1 2 -1 16 -1 9 -1 7 -1 2 -1 2 -1 6 -1 9 -1 7 -1 13 -1 2 -1 3 -1 3 -1 6 -1 3 -1 3 -1 2 -1 7 -1 2 -1 37 -1 -2
34 -1 2 -1 3 -1 2 -1 2 -1 2 -1 7 -1 22 -1 3 -1 13 -1 9 -1 33 -1 3 -1 22 -1 -2
16 -1 7 -1 13 -1 2 -1 6 -1 3 -1 6 -1 3 -1 6 -1 9 -1 2 -1 8 -1 2 -1 7 -1 8 -1 9 -1 14 -1 9 -1 12 -1 2 -1 5 -1 9 -1 7 -1 2 -1 6 -1 2 -1 12 -1 2 -1 12 -1 2 -1 2 -1 9 -1 2 -1 2 -1 -2
20 -1 7 -1 9 -1 6 -1 -2
52 -1 7 -1 34 -1 -2
6 -1 2 -1 22 -1 -2
25 -1 13 -1 9 -1 7 -1 -2
25 -1 7 -1 25 -1 2 -1 6 -1 9 -1 7 -1 9 -1 7 -1 6 -1 2 -1 -2
2 -1 2 -1 12 -1 43 -1 13 -1 2 -1 14 -1 5 -1 2 -1 14 -1 7 -1 2 -1 16 -1 40 -1 33 -1 2 -1 2 -1 2 -1 33 -1 2 -1 16 -1 40 -1 1 -1 37 -1 -2
10 -1 9 -1 7 -1 32 -1 35 -1 3 -1 2 -1 3 -1 2 -1 10 -1 2 -1 39 -1 3 -1 6 -1 2 -1 7 -1 12 -1 18 -1 -2
6 -1 3 -1 47 -1 14 -1 3 -1 47 -1 15 -1 2 -1 14 -1 2 -1 47 -1 24 -1 2 -1 44 -1 9 -1 8 -1 2 -1 12 -1 1 -1 2 -1 41 -1 7 -1 -2
13 -1 2 -1 13 -1 2 -1 8 -1 2 -1 8 -1 2 -1 13 -1 -2
10 -1 10 -1 39 -1 25 -1 7 -1 2 -1 2 -1 7 -1 32 -1 39 -1 2 -1 2 -1 2 -1 1 -1 2 -1 2 -1 2 -1 7 -1 2 -1 39 -1 2 -1 7 -1 2 -1 2 -1 7 -1 2 -1 2 -1 39 -1 -2
6 -1 9 -1 9 -1 37 -1 2 -1 -2
2 -1 2 -1 2 -1 2 -1 10 -1 2 -1 10 -1 -2
5 -1 2 -1 -2
6 -1 40 -1 27 -1 -2
2 -1 6 -1 2 -1 -2
32 -1 2 -1 10 -1 2 -1 32 -1 -2
2 -1 2 -1 29 -1 -2
13 -1 10 -1 8 -1 2 -1 8 -1 8 -1 2 -1 13 -1 2 -1 8 -1 2 -1 2 -1 8 -1 2 -1 2 -1 7 -1 2 -1 6 -1 2 -1 2 -1 2 -1 2 -1 6 -1 2 -1 8 -1 2 -1 2 -1 2 -1 6 -1 2 -1 2 -1 8 -1 2 -1 2 -1 7 -1 2 -1 2 -1 -2
2 -1 2 -1 2 -1 2 -1 2 -1 2 -1 2 -1 2 -1 2 -1 29 -1 2 -1 2 -1 2 -1 12 -1 2 -1 7 -1 10 -1 2 -1 2 -1 8 -1 2 -1 7 -1 2 -1 2 -1 2 -1 2 -1 10 -1 -2
24 -1 2 -1 32 -1 -2
6 -1 9 -1 7 -1 -2
6 -1 2 -1 5 -1 2 -1 2 -1 5 -1 2 -1 5 -1 2 -1 6 -1 9 -1 2 -1 12 -1 7 -1 10 -1 7 -1 34 -1 -2
2 -1 6 -1 -2
25 -1 13 -1 2 -1 13 -1 12 -1 9 -1 8 -1 2 -1 13 -1 2 -1 12 -1 -2
12 -1 5 -1 2 -1 12 -1 -2
7 -1 6 -1 9 -1 35 -1 2 -1 7 -1 33 -1 3 -1 3 -1 33 -1 41 -1 -2
7 -1 20 -1 25 -1 41 -1 9 -1 7 -1 2 -1 7 -1 -2
2 -1 9 -1 2 -1 9 -1 2 -1 2 -1 2 -1 6 -1 2 -1 2 -1 2 -1 2 -1 -2
4 -1 9 -1 24 -1 -2
6 -1 2 -1 41 -1 2 -1 2 -1 -2
8 -1 2 -1 12 -1 9 -1 7 -1 2 -1 6 -1 3 -1 28 -1 3 -1 28 -1 3 -1 14 -1 9 -1 5 -1 3 -1 14 -1 9 -1 5 -1 3 -1 28 -1 3 -1 5 -1 3 -1 14 -1 -2
32 -1 7 -1 2 -1 -2
2 -1 2 -1 19 -1 -2
9 -1 23 -1 3 -1 5 -1 3 -1 6 -1 3 -1 10 -1 19 -1 -2
9 -1 8 -1 2 -1 22 -1 -2
7 -1 2 -1 6 -1 -2
3 -1 2 -1 7 -1 21 -1 -2
6 -1 2 -1 7 -1 2 -1 7 -1 2 -1 2 -1 7 -1 2 -1 2 -1 -2
12 -1 9 -1 12 -1 8 -1 2 -1 7 -1 34 -1 -2
26 -1 27 -1 26 -1 -2
16 -1 9 -1 19 -1 9 -1 7 -1 8 -1 9 -1 10 -1 9 -1 12 -1 13 -1 2 -1 7 -1 2 -1 13 -1 2 -1 7 -1 2 -1 30 -1 9 -1 12 -1 -2
7 -1 12 -1 31 -1 -2
33 -1 2 -1 6 -1 -2
33 -1 7 -1 50 -1 -2
9 -1 25 -1 -2
2 -1 7 -1 2 -1 2 -1 8 -1 2 -1 14 -1 9 -1 8 -1 2 -1 14 -1 10 -1 39 -1 7 -1 2 -1 7 -1 2 -1 7 -1 2 -1 7 -1 15 -1 9 -1 14 -1 2 -1 1 -1 -2
33 -1 10 -1 10 -1 13 -1 14 -1 2 -1 7 -1 2 -1 2 -1 -2
4 -1 9 -1 6 -1 -2
2 -1 8 -1 2 -1 2 -1 6 -1 2 -1 2 -1 2 -1 22 -1 -2
9 -1 22 -1 9 -1 13 -1 -2
25 -1 7 -1 1 -1 13 -1 9 -1 1 -1 7 -1 21 -1 -2
12 -1 2 -1 12 -1 9 -1 12 -1 9 -1 12 -1 9 -1 12 -1 2 -1 6 -1 9 -1 6 -1 2 -1 12 -1 -2
2 -1 2 -1 2 -1 39 -1 2 -1 2 -1 -2
45 -1 13 -1 2 -1 57 -1 8 -1 2 -1 57 -1 13 -1 2 -1 1 -1 57 -1 50 -1 -2
7 -1 2 -1 -2
24 -1 7 -1 23 -1 2 -1 -2
15 -1 16 -1 44 -1 2 -1 4 -1 -2
10 -1 8 -1 2 -1 2 -1 14 -1 8 -1 2 -1 7 -1 9 -1 7 -1 2 -1 29 -1 7 -1 2 -1 7 -1 10 -1 -2
