2 -1 7 -1 6 -1 2 -1 2 -1 2 -1  #SUP: 36
2 -1 3 -1 2 -1 7 -1  #SUP: 37
6 -1 9 -1 2 -1 6 -1 2 -1  #SUP: 36
2 -1 6 -1 6 -1 2 -1 7 -1  #SUP: 37
2 -1 6 -1 2 -1 7 -1 2 -1 7 -1  #SUP: 37
2 -1 7 -1 7 -1 2 -1 6 -1  #SUP: 37
6 -1 2 -1 2 -1 2 -1 2 -1 6 -1 2 -1  #SUP: 36
2 -1 2 -1 2 -1 7 -1 2 -1 7 -1 7 -1  #SUP: 37
7 -1 2 -1 2 -1 7 -1 2 -1 2 -1 7 -1  #SUP: 37
2 -1 7 -1 9 -1 7 -1 7 -1  #SUP: 37
14 -1 2 -1 2 -1  #SUP: 37
2 -1 6 -1 7 -1 2 -1 6 -1  #SUP: 37
5 -1 2 -1 6 -1  #SUP: 37
7 -1 7 -1 9 -1 9 -1  #SUP: 37
2 -1 2 -1 7 -1 7 -1 7 -1 2 -1 7 -1  #SUP: 36
9 -1 3 -1 6 -1  #SUP: 37
7 -1 2 -1 2 -1 9 -1 6 -1  #SUP: 37
9 -1 2 -1 2 -1 7 -1 2 -1 9 -1  #SUP: 37
7 -1 2 -1 2 -1 2 -1 6 -1 2 -1  #SUP: 38
7 -1 7 -1 2 -1 6 -1 2 -1  #SUP: 37
2 -1 2 -1 2 -1 2 -1 2 -1 7 -1 9 -1  #SUP: 37
3 -1 2 -1 7 -1 2 -1  #SUP: 37
2 -1 9 -1 7 -1 7 -1 7 -1  #SUP: 37
2 -1 2 -1 2 -1 2 -1 7 -1 7 -1 2 -1  #SUP: 37
9 -1 7 -1 2 -1 6 -1 2 -1  #SUP: 37
7 -1 2 -1 2 -1 7 -1 6 -1  #SUP: 37
9 -1 2 -1 6 -1 2 -1 9 -1  #SUP: 37
7 -1 2 -1 2 -1 6 -1 7 -1  #SUP: 37
2 -1 2 -1 9 -1 3 -1  #SUP: 37
9 -1 2 -1 2 -1 6 -1 6 -1  #SUP: 37
2 -1 2 -1 2 -1 2 -1 7 -1 6 -1  #SUP: 36
8 -1 7 -1 2 -1 7 -1 7 -1  #SUP: 38
12 -1 2 -1 7 -1 9 -1  #SUP: 37
7 -1 2 -1 8 -1 9 -1  #SUP: 37
2 -1 7 -1 7 -1 7 -1 2 -1 2 -1  #SUP: 37
2 -1 2 -1 2 -1 2 -1 9 -1 9 -1  #SUP: 37
2 -1 2 -1 9 -1 2 -1 2 -1 9 -1  #SUP: 38
8 -1 9 -1 2 -1 9 -1  #SUP: 38
3 -1 3 -1 9 -1  #SUP: 39
7 -1 7 -1 7 -1 2 -1 9 -1  #SUP: 37
2 -1 2 -1 7 -1 7 -1 2 -1 7 -1 7 -1  #SUP: 37
2 -1 10 -1 2 -1  #SUP: 38
7 -1 2 -1 14 -1  #SUP: 38
9 -1 7 -1 7 -1 2 -1 2 -1 2 -1  #SUP: 38
9 -1 8 -1 2 -1 7 -1 2 -1  #SUP: 37
12 -1 2 -1 6 -1 2 -1  #SUP: 38
2 -1 6 -1 9 -1 2 -1 7 -1  #SUP: 37
2 -1 5 -1 9 -1  #SUP: 37
2 -1 2 -1 9 -1 2 -1 2 -1 6 -1  #SUP: 37
6 -1 2 -1 2 -1 2 -1 9 -1 2 -1  #SUP: 37
6 -1 7 -1 9 -1 2 -1  #SUP: 37
8 -1 2 -1 7 -1 6 -1  #SUP: 37
2 -1 2 -1 7 -1 7 -1 2 -1 9 -1  #SUP: 37
5 -1 6 -1 6 -1  #SUP: 37
6 -1 7 -1 2 -1 9 -1  #SUP: 37
8 -1 2 -1 2 -1 2 -1 2 -1 7 -1  #SUP: 37
7 -1 2 -1 7 -1 7 -1 7 -1 2 -1  #SUP: 37
2 -1 6 -1 6 -1 2 -1 2 -1 2 -1  #SUP: 37
3 -1 2 -1 9 -1  #SUP: 37
3 -1 3 -1 6 -1 3 -1  #SUP: 37
9 -1 9 -1 7 -1 2 -1 7 -1  #SUP: 37
2 -1 2 -1 7 -1 9 -1 6 -1  #SUP: 36
2 -1 6 -1 7 -1 7 -1 2 -1  #SUP: 40
6 -1 7 -1 6 -1 2 -1  #SUP: 38
2 -1 2 -1 6 -1 3 -1  #SUP: 39
7 -1 3 -1 7 -1  #SUP: 37
8 -1 7 -1 6 -1  #SUP: 38
9 -1 2 -1 7 -1 7 -1 9 -1  #SUP: 37
7 -1 9 -1 2 -1 7 -1 2 -1 2 -1  #SUP: 38
7 -1 12 -1 2 -1  #SUP: 37
8 -1 2 -1 2 -1 6 -1 2 -1  #SUP: 37
9 -1 12 -1 2 -1 7 -1  #SUP: 38
6 -1 9 -1 7 -1 9 -1  #SUP: 38
2 -1 2 -1 2 -1 7 -1 2 -1 2 -1 7 -1  #SUP: 42
7 -1 7 -1 7 -1 2 -1 2 -1 2 -1  #SUP: 39
25 -1 2 -1 7 -1  #SUP: 39
9 -1 2 -1 2 -1 9 -1 6 -1  #SUP: 42
2 -1 2 -1 7 -1 6 -1 2 -1  #SUP: 41
7 -1 6 -1 6 -1 2 -1  #SUP: 40
7 -1 2 -1 2 -1 2 -1 7 -1 9 -1  #SUP: 38
8 -1 8 -1 2 -1  #SUP: 38
2 -1 6 -1 9 -1 6 -1 2 -1  #SUP: 39
7 -1 2 -1 2 -1 7 -1 2 -1 7 -1 2 -1  #SUP: 38
9 -1 2 -1 6 -1 2 -1 7 -1  #SUP: 40
2 -1 2 -1 9 -1 2 -1 7 -1 2 -1  #SUP: 38
7 -1 7 -1 7 -1 7 -1 7 -1  #SUP: 38
2 -1 7 -1 2 -1 2 -1 2 -1 2 -1 7 -1  #SUP: 39
9 -1 6 -1 9 -1 2 -1  #SUP: 39
2 -1 2 -1 2 -1 9 -1 2 -1 2 -1 2 -1  #SUP: 38
6 -1 3 -1 3 -1 3 -1  #SUP: 39
2 -1 2 -1 9 -1 7 -1 9 -1  #SUP: 38
2 -1 2 -1 6 -1 2 -1 2 -1 6 -1  #SUP: 38
6 -1 3 -1 7 -1  #SUP: 38
2 -1 2 -1 9 -1 7 -1 2 -1 2 -1  #SUP: 38
9 -1 9 -1 2 -1 2 -1 7 -1 2 -1  #SUP: 37
9 -1 2 -1 2 -1 2 -1 7 -1 9 -1  #SUP: 39
5 -1 2 -1 7 -1  #SUP: 42
3 -1 3 -1 3 -1 6 -1  #SUP: 37
2 -1 5 -1 6 -1  #SUP: 38
2 -1 12 -1 2 -1 7 -1  #SUP: 38
8 -1 7 -1 2 -1 9 -1  #SUP: 37
2 -1 2 -1 2 -1 6 -1 2 -1 7 -1  #SUP: 38
13 -1 7 -1 2 -1  #SUP: 38
2 -1 7 -1 2 -1 7 -1 2 -1 2 -1 2 -1  #SUP: 39
7 -1 7 -1 2 -1 2 -1 2 -1 2 -1 2 -1  #SUP: 40
2 -1 2 -1 7 -1 7 -1 2 -1 7 -1 2 -1  #SUP: 37
9 -1 9 -1 12 -1  #SUP: 39
7 -1 9 -1 2 -1 7 -1 2 -1 7 -1  #SUP: 38
9 -1 9 -1 9 -1 7 -1  #SUP: 38
6 -1 2 -1 2 -1 9 -1 7 -1  #SUP: 38
8 -1 6 -1 6 -1  #SUP: 38
6 -1 2 -1 2 -1 9 -1 6 -1  #SUP: 37
9 -1 2 -1 7 -1 2 -1 2 -1 2 -1  #SUP: 38
2 -1 5 -1 7 -1  #SUP: 39
3 -1 6 -1 3 -1 3 -1  #SUP: 37
2 -1 2 -1 2 -1 2 -1 8 -1  #SUP: 37
2 -1 7 -1 8 -1 7 -1  #SUP: 37
2 -1 2 -1 9 -1 2 -1 6 -1 2 -1  #SUP: 38
2 -1 2 -1 9 -1 9 -1 2 -1  #SUP: 38
6 -1 2 -1 2 -1 2 -1 2 -1 9 -1  #SUP: 37
7 -1 2 -1 7 -1 2 -1 2 -1 2 -1 7 -1  #SUP: 37
2 -1 6 -1 2 -1 9 -1 7 -1  #SUP: 38
7 -1 2 -1 7 -1 6 -1 2 -1  #SUP: 37
8 -1 2 -1 2 -1 7 -1 9 -1  #SUP: 37
6 -1 2 -1 2 -1 2 -1 7 -1 2 -1 2 -1  #SUP: 37
9 -1 2 -1 2 -1 7 -1 2 -1 7 -1  #SUP: 44
2 -1 9 -1 9 -1 6 -1  #SUP: 43
7 -1 9 -1 7 -1 2 -1 9 -1  #SUP: 41
2 -1 9 -1 7 -1 2 -1 7 -1 2 -1  #SUP: 38
2 -1 2 -1 2 -1 2 -1 2 -1 2 -1 2 -1 2 -1 2 -1 2 -1  #SUP: 39
9 -1 2 -1 2 -1 7 -1 6 -1  #SUP: 39
6 -1 9 -1 2 -1 2 -1 7 -1  #SUP: 37
6 -1 6 -1 3 -1 3 -1  #SUP: 37
2 -1 7 -1 12 -1  #SUP: 39
2 -1 7 -1 8 -1 2 -1  #SUP: 39
2 -1 6 -1 12 -1  #SUP: 38
9 -1 7 -1 9 -1 7 -1 2 -1  #SUP: 39
8 -1 2 -1 2 -1 2 -1 7 -1 2 -1  #SUP: 38
6 -1 2 -1 7 -1 2 -1 6 -1  #SUP: 38
7 -1 8 -1 2 -1 9 -1  #SUP: 38
7 -1 9 -1 9 -1 7 -1  #SUP: 42
6 -1 9 -1 2 -1 2 -1 2 -1 2 -1  #SUP: 38
9 -1 9 -1 2 -1 6 -1 2 -1  #SUP: 38
7 -1 13 -1 2 -1  #SUP: 40
2 -1 2 -1 9 -1 2 -1 2 -1 7 -1  #SUP: 39
2 -1 2 -1 2 -1 2 -1 2 -1 2 -1 2 -1 9 -1  #SUP: 39
7 -1 7 -1 2 -1 2 -1 7 -1 7 -1  #SUP: 39
2 -1 6 -1 9 -1 9 -1  #SUP: 44
2 -1 9 -1 2 -1 7 -1 7 -1  #SUP: 43
2 -1 2 -1 9 -1 7 -1 7 -1  #SUP: 39
2 -1 6 -1 2 -1 7 -1 7 -1  #SUP: 41
6 -1 2 -1 2 -1 7 -1 9 -1  #SUP: 40
3 -1 7 -1 7 -1  #SUP: 40
2 -1 7 -1 9 -1 2 -1 7 -1  #SUP: 42
2 -1 7 -1 7 -1 2 -1 2 -1 2 -1  #SUP: 43
5 -1 2 -1 2 -1 2 -1  #SUP: 43
6 -1 6 -1 2 -1 7 -1  #SUP: 44
2 -1 2 -1 2 -1 2 -1 6 -1 9 -1  #SUP: 44
9 -1 2 -1 8 -1  #SUP: 42
7 -1 7 -1 2 -1 2 -1 9 -1  #SUP: 48
7 -1 2 -1 2 -1 2 -1 2 -1 7 -1 2 -1  #SUP: 39
8 -1 9 -1 2 -1 7 -1 2 -1  #SUP: 39
7 -1 7 -1 9 -1 2 -1 7 -1  #SUP: 39
12 -1 9 -1 6 -1  #SUP: 41
2 -1 2 -1 7 -1 2 -1 2 -1 2 -1 7 -1  #SUP: 39
2 -1 2 -1 7 -1 7 -1 7 -1 7 -1  #SUP: 42
8 -1 9 -1 7 -1 9 -1  #SUP: 38
6 -1 6 -1 2 -1 6 -1  #SUP: 40
3 -1 7 -1 2 -1  #SUP: 44
12 -1 2 -1 7 -1 2 -1 7 -1  #SUP: 39
9 -1 2 -1 2 -1 2 -1 2 -1 2 -1 2 -1 2 -1  #SUP: 39
7 -1 7 -1 2 -1 7 -1 2 -1 7 -1 2 -1  #SUP: 39
2 -1 7 -1 6 -1 7 -1  #SUP: 40
9 -1 6 -1 7 -1 2 -1  #SUP: 39
5 -1 6 -1 2 -1  #SUP: 40
8 -1 2 -1 2 -1 9 -1 2 -1  #SUP: 39
7 -1 2 -1 2 -1 6 -1 2 -1 2 -1  #SUP: 40
13 -1 2 -1 2 -1 2 -1  #SUP: 42
7 -1 7 -1 9 -1 7 -1 2 -1  #SUP: 39
6 -1 2 -1 7 -1 2 -1 7 -1 2 -1  #SUP: 39
6 -1 6 -1 7 -1 2 -1  #SUP: 39
3 -1 2 -1 2 -1 7 -1  #SUP: 38
2 -1 2 -1 2 -1 6 -1 2 -1 9 -1  #SUP: 38
7 -1 9 -1 7 -1 2 -1 2 -1 2 -1  #SUP: 40
7 -1 7 -1 2 -1 2 -1 6 -1  #SUP: 39
2 -1 2 -1 2 -1 7 -1 2 -1 6 -1  #SUP: 39
2 -1 2 -1 2 -1 2 -1 2 -1 7 -1 7 -1  #SUP: 42
8 -1 9 -1 2 -1 2 -1 2 -1  #SUP: 42
7 -1 7 -1 9 -1 2 -1 2 -1  #SUP: 38
7 -1 9 -1 2 -1 7 -1 9 -1  #SUP: 40
2 -1 6 -1 3 -1 3 -1  #SUP: 39
12 -1 9 -1 12 -1  #SUP: 39
7 -1 2 -1 6 -1 6 -1 2 -1  #SUP: 39
7 -1 2 -1 6 -1 2 -1 6 -1  #SUP: 42
12 -1 6 -1 2 -1  #SUP: 43
2 -1 2 -1 2 -1 9 -1 7 -1 2 -1  #SUP: 38
9 -1 6 -1 3 -1  #SUP: 38
6 -1 2 -1 2 -1 2 -1 2 -1 2 -1 7 -1  #SUP: 38
3 -1 9 -1 2 -1  #SUP: 38
2 -1 6 -1 2 -1 2 -1 2 -1 7 -1  #SUP: 41
7 -1 7 -1 2 -1 7 -1 7 -1 2 -1  #SUP: 43
8 -1 2 -1 8 -1  #SUP: 47
6 -1 2 -1 2 -1 2 -1 6 -1 2 -1  #SUP: 42
12 -1 8 -1 2 -1  #SUP: 38
9 -1 2 -1 6 -1 2 -1 2 -1 2 -1  #SUP: 40
7 -1 2 -1 7 -1 2 -1 7 -1 9 -1  #SUP: 40
2 -1 7 -1 2 -1 2 -1 2 -1 9 -1  #SUP: 38
7 -1 2 -1 8 -1 2 -1 2 -1  #SUP: 39
2 -1 7 -1 9 -1 6 -1  #SUP: 42
2 -1 9 -1 12 -1  #SUP: 44
7 -1 2 -1 6 -1 2 -1 7 -1  #SUP: 41
2 -1 2 -1 2 -1 6 -1 6 -1 2 -1  #SUP: 41
9 -1 7 -1 6 -1 2 -1  #SUP: 40
2 -1 12 -1 6 -1  #SUP: 40
2 -1 2 -1 6 -1 2 -1 6 -1 2 -1  #SUP: 43
6 -1 2 -1 3 -1  #SUP: 39
2 -1 6 -1 2 -1 7 -1 2 -1 2 -1  #SUP: 40
2 -1 2 -1 7 -1 2 -1 2 -1 9 -1  #SUP: 42
7 -1 2 -1 2 -1 2 -1 2 -1 2 -1 2 -1 2 -1  #SUP: 39
9 -1 8 -1 7 -1 2 -1  #SUP: 39
2 -1 2 -1 2 -1 2 -1 2 -1 2 -1 7 -1 7 -1  #SUP: 39
9 -1 6 -1 2 -1 2 -1 7 -1  #SUP: 38
2 -1 2 -1 6 -1 7 -1 2 -1  #SUP: 40
6 -1 2 -1 12 -1  #SUP: 40
9 -1 12 -1 2 -1 2 -1  #SUP: 38
2 -1 6 -1 2 -1 2 -1 9 -1 2 -1  #SUP: 39
8 -1 7 -1 7 -1 7 -1  #SUP: 39
2 -1 9 -1 2 -1 7 -1 2 -1 2 -1  #SUP: 39
2 -1 2 -1 2 -1 2 -1 3 -1  #SUP: 39
2 -1 9 -1 7 -1 2 -1 7 -1  #SUP: 45
2 -1 6 -1 2 -1 2 -1 2 -1 6 -1  #SUP: 39
9 -1 2 -1 7 -1 7 -1 7 -1  #SUP: 38
7 -1 7 -1 2 -1 2 -1 7 -1 2 -1 2 -1  #SUP: 39
2 -1 2 -1 2 -1 2 -1 2 -1 2 -1 2 -1 6 -1  #SUP: 37
6 -1 2 -1 6 -1 6 -1  #SUP: 38
2 -1 6 -1 9 -1 7 -1 2 -1  #SUP: 38
8 -1 2 -1 2 -1 2 -1 6 -1  #SUP: 39
12 -1 2 -1 2 -1 2 -1 7 -1  #SUP: 38
6 -1 2 -1 9 -1 2 -1 2 -1  #SUP: 40
2 -1 6 -1 9 -1 2 -1 2 -1 2 -1  #SUP: 37
2 -1 9 -1 6 -1 6 -1  #SUP: 38
2 -1 2 -1 2 -1 14 -1  #SUP: 38
2 -1 2 -1 8 -1 9 -1  #SUP: 38
2 -1 2 -1 2 -1 2 -1 2 -1 7 -1 2 -1 7 -1  #SUP: 39
6 -1 2 -1 7 -1 6 -1  #SUP: 42
2 -1 2 -1 2 -1 2 -1 6 -1 7 -1  #SUP: 39
9 -1 2 -1 7 -1 2 -1 2 -1 7 -1  #SUP: 38
9 -1 7 -1 7 -1 7 -1 2 -1  #SUP: 40
12 -1 2 -1 2 -1 9 -1  #SUP: 38
9 -1 2 -1 2 -1 2 -1 2 -1 6 -1 2 -1  #SUP: 37
12 -1 9 -1 2 -1 9 -1  #SUP: 37
6 -1 7 -1 6 -1  #SUP: 49
2 -1 7 -1 2 -1 2 -1 9 -1  #SUP: 59
7 -1 2 -1 7 -1 7 -1 2 -1 2 -1  #SUP: 45
9 -1 9 -1 7 -1 9 -1  #SUP: 44
2 -1 9 -1 2 -1 2 -1 2 -1 2 -1 2 -1  #SUP: 43
9 -1 7 -1 2 -1 2 -1 9 -1  #SUP: 50
7 -1 9 -1 2 -1 7 -1 7 -1  #SUP: 42
2 -1 9 -1 7 -1 2 -1 6 -1  #SUP: 39
2 -1 9 -1 2 -1 9 -1 2 -1  #SUP: 40
5 -1 3 -1 3 -1  #SUP: 41
2 -1 2 -1 2 -1 7 -1 2 -1 9 -1  #SUP: 44
8 -1 7 -1 2 -1 2 -1 7 -1  #SUP: 40
2 -1 8 -1 2 -1 6 -1  #SUP: 43
2 -1 2 -1 2 -1 8 -1 2 -1  #SUP: 42
2 -1 7 -1 2 -1 2 -1 7 -1 9 -1  #SUP: 40
6 -1 2 -1 7 -1 9 -1  #SUP: 49
7 -1 9 -1 6 -1 2 -1  #SUP: 42
6 -1 7 -1 2 -1 7 -1 2 -1  #SUP: 45
7 -1 2 -1 2 -1 2 -1 7 -1 2 -1 7 -1  #SUP: 39
3 -1 3 -1 7 -1  #SUP: 40
6 -1 2 -1 6 -1 7 -1  #SUP: 41
9 -1 2 -1 6 -1 2 -1 6 -1  #SUP: 39
8 -1 2 -1 2 -1 7 -1 2 -1 7 -1  #SUP: 39
2 -1 6 -1 2 -1 7 -1 9 -1  #SUP: 41
7 -1 8 -1 2 -1 2 -1 2 -1  #SUP: 43
7 -1 9 -1 7 -1 7 -1 7 -1  #SUP: 39
2 -1 7 -1 2 -1 2 -1 7 -1 7 -1  #SUP: 45
2 -1 6 -1 2 -1 2 -1 2 -1 2 -1  #SUP: 55
2 -1 9 -1 2 -1 7 -1 2 -1 7 -1  #SUP: 39
7 -1 9 -1 7 -1 2 -1 2 -1 7 -1  #SUP: 39
12 -1 7 -1 7 -1  #SUP: 51
2 -1 7 -1 2 -1 7 -1 2 -1 2 -1 7 -1  #SUP: 43
6 -1 7 -1 2 -1 6 -1  #SUP: 42
2 -1 8 -1 2 -1 2 -1 7 -1  #SUP: 44
8 -1 2 -1 2 -1 7 -1 2 -1 2 -1  #SUP: 40
6 -1 3 -1 2 -1  #SUP: 47
2 -1 6 -1 2 -1 2 -1 2 -1 2 -1 2 -1 2 -1  #SUP: 41
2 -1 2 -1 5 -1 2 -1  #SUP: 40
9 -1 7 -1 9 -1 9 -1  #SUP: 40
9 -1 2 -1 9 -1 7 -1  #SUP: 47
7 -1 7 -1 2 -1 2 -1 2 -1 7 -1  #SUP: 44
7 -1 2 -1 7 -1 2 -1 2 -1 2 -1 2 -1  #SUP: 41
7 -1 2 -1 9 -1 6 -1  #SUP: 45
7 -1 2 -1 7 -1 9 -1 2 -1  #SUP: 44
2 -1 7 -1 2 -1 2 -1 2 -1 7 -1 2 -1  #SUP: 44
9 -1 12 -1 7 -1  #SUP: 44
2 -1 13 -1 2 -1  #SUP: 48
7 -1 2 -1 2 -1 2 -1 9 -1  #SUP: 52
9 -1 2 -1 2 -1 2 -1 2 -1 6 -1  #SUP: 44
7 -1 2 -1 7 -1 2 -1 7 -1 2 -1 2 -1  #SUP: 44
6 -1 2 -1 2 -1 2 -1 2 -1 7 -1  #SUP: 45
2 -1 8 -1 2 -1 9 -1  #SUP: 44
2 -1 3 -1 3 -1 3 -1  #SUP: 41
9 -1 2 -1 6 -1 6 -1  #SUP: 47
9 -1 3 -1 3 -1  #SUP: 43
2 -1 2 -1 6 -1 2 -1 2 -1 2 -1 2 -1  #SUP: 42
2 -1 2 -1 6 -1 2 -1 6 -1  #SUP: 51
2 -1 7 -1 9 -1 2 -1 2 -1  #SUP: 43
2 -1 6 -1 9 -1 6 -1  #SUP: 46
9 -1 8 -1 2 -1 7 -1  #SUP: 44
9 -1 6 -1 6 -1 2 -1  #SUP: 44
9 -1 2 -1 3 -1  #SUP: 44
7 -1 2 -1 2 -1 7 -1 9 -1  #SUP: 51
2 -1 7 -1 2 -1 6 -1 2 -1  #SUP: 47
7 -1 2 -1 6 -1 7 -1  #SUP: 50
6 -1 2 -1 9 -1 7 -1  #SUP: 47
2 -1 2 -1 9 -1 2 -1 2 -1 2 -1 2 -1  #SUP: 42
7 -1 2 -1 6 -1 2 -1 2 -1 2 -1  #SUP: 44
2 -1 2 -1 5 -1  #SUP: 53
7 -1 9 -1 2 -1 7 -1 2 -1  #SUP: 51
9 -1 7 -1 2 -1 7 -1 2 -1 2 -1  #SUP: 40
9 -1 9 -1 2 -1 7 -1 2 -1  #SUP: 42
8 -1 2 -1 2 -1 2 -1 2 -1 2 -1  #SUP: 49
9 -1 8 -1 2 -1 2 -1  #SUP: 48
8 -1 9 -1 9 -1 2 -1  #SUP: 40
2 -1 6 -1 9 -1 7 -1  #SUP: 50
2 -1 2 -1 7 -1 2 -1 2 -1 7 -1  #SUP: 58
12 -1 2 -1 2 -1 6 -1  #SUP: 41
7 -1 2 -1 2 -1 2 -1 2 -1 9 -1  #SUP: 41
3 -1 3 -1 2 -1  #SUP: 45
2 -1 2 -1 2 -1 7 -1 2 -1 7 -1 2 -1  #SUP: 42
2 -1 6 -1 7 -1 2 -1 2 -1  #SUP: 47
2 -1 2 -1 7 -1 2 -1 2 -1 2 -1  #SUP: 53
6 -1 2 -1 9 -1 9 -1  #SUP: 40
2 -1 8 -1 7 -1 2 -1  #SUP: 48
2 -1 9 -1 7 -1 6 -1  #SUP: 42
2 -1 2 -1 2 -1 2 -1 6 -1 6 -1  #SUP: 44
6 -1 6 -1 2 -1 2 -1  #SUP: 63
2 -1 7 -1 6 -1 6 -1  #SUP: 40
2 -1 9 -1 2 -1 2 -1 6 -1 2 -1  #SUP: 40
9 -1 8 -1 2 -1 2 -1 2 -1  #SUP: 40
6 -1 9 -1 2 -1 9 -1  #SUP: 39
7 -1 2 -1 12 -1  #SUP: 41
7 -1 9 -1 2 -1 6 -1  #SUP: 44
6 -1 2 -1 2 -1 2 -1 2 -1 6 -1  #SUP: 40
7 -1 2 -1 7 -1 2 -1 9 -1  #SUP: 57
2 -1 7 -1 2 -1 9 -1 2 -1  #SUP: 40
9 -1 2 -1 2 -1 7 -1 7 -1  #SUP: 48
2 -1 2 -1 2 -1 7 -1 2 -1 2 -1 2 -1  #SUP: 41
7 -1 2 -1 7 -1 7 -1 9 -1  #SUP: 45
6 -1 3 -1 9 -1  #SUP: 40
12 -1 2 -1 12 -1  #SUP: 43
2 -1 2 -1 2 -1 2 -1 2 -1 2 -1 2 -1 2 -1 2 -1  #SUP: 47
2 -1 2 -1 2 -1 9 -1 2 -1 7 -1  #SUP: 41
7 -1 2 -1 2 -1 2 -1 2 -1 2 -1 2 -1  #SUP: 50
2 -1 2 -1 2 -1 6 -1 2 -1 6 -1  #SUP: 44
7 -1 9 -1 2 -1 2 -1 9 -1  #SUP: 42
7 -1 2 -1 8 -1 2 -1  #SUP: 43
9 -1 7 -1 9 -1 2 -1 2 -1  #SUP: 40
9 -1 2 -1 7 -1 2 -1 6 -1  #SUP: 40
6 -1 6 -1 6 -1 2 -1  #SUP: 44
2 -1 2 -1 6 -1 9 -1 2 -1  #SUP: 41
9 -1 2 -1 2 -1 2 -1 2 -1 9 -1  #SUP: 41
7 -1 7 -1 8 -1  #SUP: 38
2 -1 2 -1 6 -1 2 -1 7 -1  #SUP: 47
2 -1 2 -1 7 -1 2 -1 7 -1 2 -1 2 -1  #SUP: 43
7 -1 9 -1 2 -1 2 -1 2 -1 2 -1  #SUP: 46
12 -1 7 -1 2 -1 2 -1  #SUP: 43
9 -1 2 -1 6 -1 9 -1  #SUP: 47
2 -1 2 -1 2 -1 2 -1 2 -1 2 -1 6 -1 2 -1  #SUP: 40
2 -1 9 -1 2 -1 2 -1 2 -1 7 -1  #SUP: 43
2 -1 2 -1 6 -1 6 -1 2 -1 2 -1  #SUP: 39
7 -1 2 -1 7 -1 2 -1 7 -1 2 -1 7 -1  #SUP: 43
2 -1 6 -1 7 -1 7 -1  #SUP: 50
2 -1 7 -1 7 -1 7 -1 2 -1  #SUP: 53
3 -1 6 -1 6 -1  #SUP: 42
8 -1 2 -1 9 -1 7 -1  #SUP: 42
2 -1 7 -1 7 -1 7 -1 2 -1 7 -1  #SUP: 44
12 -1 2 -1 2 -1 2 -1 2 -1  #SUP: 46
7 -1 9 -1 8 -1  #SUP: 44
2 -1 9 -1 2 -1 7 -1 9 -1  #SUP: 42
6 -1 2 -1 2 -1 7 -1 2 -1 2 -1  #SUP: 40
12 -1 2 -1 7 -1 2 -1 2 -1  #SUP: 40
8 -1 2 -1 2 -1 6 -1  #SUP: 50
8 -1 2 -1 2 -1 2 -1 2 -1 2 -1 2 -1  #SUP: 39
2 -1 2 -1 2 -1 6 -1 7 -1  #SUP: 43
2 -1 9 -1 2 -1 2 -1 6 -1  #SUP: 49
12 -1 7 -1 2 -1 7 -1  #SUP: 46
7 -1 2 -1 2 -1 2 -1 6 -1  #SUP: 52
2 -1 7 -1 7 -1 2 -1 7 -1 7 -1  #SUP: 46
2 -1 2 -1 25 -1  #SUP: 38
7 -1 9 -1 2 -1 9 -1  #SUP: 49
2 -1 9 -1 7 -1 2 -1 9 -1  #SUP: 43
2 -1 8 -1 2 -1 7 -1 2 -1  #SUP: 45
2 -1 3 -1 9 -1  #SUP: 45
8 -1 2 -1 2 -1 7 -1 7 -1  #SUP: 44
12 -1 12 -1 2 -1  #SUP: 47
6 -1 7 -1 7 -1 2 -1  #SUP: 50
6 -1 2 -1 7 -1 7 -1 2 -1  #SUP: 41
2 -1 2 -1 7 -1 9 -1 7 -1  #SUP: 43
2 -1 2 -1 2 -1 2 -1 2 -1 2 -1 7 -1 2 -1  #SUP: 44
7 -1 6 -1 2 -1 2 -1 2 -1  #SUP: 44
8 -1 2 -1 6 -1  #SUP: 67
7 -1 7 -1 9 -1 2 -1  #SUP: 50
12 -1 2 -1 2 -1 7 -1 2 -1  #SUP: 43
2 -1 2 -1 2 -1 2 -1 2 -1 9 -1 2 -1  #SUP: 43
7 -1 3 -1 3 -1  #SUP: 43
7 -1 2 -1 6 -1 7 -1 2 -1  #SUP: 39
9 -1 2 -1 6 -1 2 -1 2 -1  #SUP: 55
2 -1 9 -1 3 -1  #SUP: 46
2 -1 7 -1 2 -1 7 -1 2 -1 7 -1 2 -1  #SUP: 43
2 -1 6 -1 7 -1 2 -1 7 -1  #SUP: 42
7 -1 6 -1 2 -1 2 -1  #SUP: 52
9 -1 2 -1 9 -1 6 -1  #SUP: 49
2 -1 9 -1 8 -1  #SUP: 42
2 -1 2 -1 8 -1 7 -1  #SUP: 39
2 -1 2 -1 2 -1 2 -1 2 -1 7 -1 2 -1  #SUP: 49
8 -1 9 -1 2 -1 7 -1  #SUP: 45
7 -1 2 -1 7 -1 7 -1 2 -1 7 -1  #SUP: 45
7 -1 2 -1 7 -1 2 -1 2 -1 2 -1  #SUP: 54
9 -1 7 -1 2 -1 2 -1 2 -1 7 -1  #SUP: 41
9 -1 7 -1 2 -1 2 -1 2 -1 2 -1  #SUP: 47
7 -1 9 -1 7 -1 9 -1  #SUP: 54
7 -1 9 -1 2 -1 2 -1 7 -1 2 -1  #SUP: 42
6 -1 2 -1 9 -1 2 -1  #SUP: 54
7 -1 2 -1 2 -1 7 -1 7 -1 2 -1  #SUP: 40
2 -1 6 -1 2 -1 9 -1 2 -1  #SUP: 44
2 -1 7 -1 9 -1 7 -1 2 -1  #SUP: 45
8 -1 2 -1 7 -1 9 -1  #SUP: 48
2 -1 7 -1 2 -1 7 -1 2 -1 9 -1  #SUP: 44
2 -1 7 -1 2 -1 9 -1 7 -1  #SUP: 39
2 -1 2 -1 2 -1 7 -1 7 -1 2 -1  #SUP: 44
2 -1 2 -1 7 -1 7 -1 7 -1 2 -1  #SUP: 41
9 -1 9 -1 7 -1 7 -1  #SUP: 41
2 -1 2 -1 9 -1 2 -1 9 -1  #SUP: 47
2 -1 2 -1 3 -1 2 -1  #SUP: 42
8 -1 7 -1 2 -1 7 -1 2 -1  #SUP: 43
6 -1 7 -1 2 -1 2 -1 2 -1  #SUP: 40
2 -1 7 -1 2 -1 7 -1 6 -1  #SUP: 39
7 -1 2 -1 2 -1 2 -1 2 -1 2 -1 7 -1  #SUP: 40
9 -1 7 -1 2 -1 2 -1 7 -1 2 -1  #SUP: 40
6 -1 2 -1 2 -1 2 -1 6 -1 2 -1 2 -1  #SUP: 39
2 -1 2 -1 2 -1 2 -1 2 -1 6 -1 2 -1  #SUP: 52
6 -1 2 -1 2 -1 2 -1 2 -1 2 -1 2 -1 2 -1  #SUP: 44
9 -1 6 -1 2 -1 2 -1 2 -1  #SUP: 48
6 -1 2 -1 9 -1 6 -1  #SUP: 40
2 -1 7 -1 9 -1 9 -1  #SUP: 46
7 -1 6 -1 7 -1 2 -1  #SUP: 40
2 -1 2 -1 2 -1 5 -1  #SUP: 41
3 -1 6 -1 2 -1  #SUP: 45
8 -1 2 -1 9 -1 2 -1 2 -1  #SUP: 41
7 -1 8 -1 7 -1 2 -1  #SUP: 45
6 -1 7 -1 2 -1 2 -1 7 -1  #SUP: 40
12 -1 7 -1 9 -1  #SUP: 44
7 -1 2 -1 2 -1 9 -1 2 -1  #SUP: 43
7 -1 6 -1 3 -1  #SUP: 41
7 -1 2 -1 9 -1 7 -1 2 -1  #SUP: 40
8 -1 2 -1 9 -1 2 -1  #SUP: 46
9 -1 2 -1 2 -1 7 -1 9 -1  #SUP: 52
2 -1 2 -1 7 -1 7 -1 9 -1  #SUP: 47
7 -1 6 -1 9 -1  #SUP: 51
2 -1 12 -1 7 -1  #SUP: 49
2 -1 7 -1 7 -1 2 -1 7 -1 2 -1 7 -1  #SUP: 40
2 -1 2 -1 2 -1 9 -1 6 -1  #SUP: 49
2 -1 7 -1 2 -1 7 -1 2 -1 7 -1 7 -1  #SUP: 39
7 -1 7 -1 6 -1 2 -1  #SUP: 45
8 -1 7 -1 2 -1 2 -1 2 -1  #SUP: 39
8 -1 2 -1 7 -1 2 -1 7 -1 2 -1  #SUP: 39
9 -1 6 -1 2 -1 6 -1  #SUP: 46
9 -1 2 -1 9 -1 2 -1 2 -1  #SUP: 44
2 -1 7 -1 3 -1  #SUP: 43
9 -1 2 -1 9 -1 9 -1  #SUP: 44
9 -1 2 -1 2 -1 9 -1 7 -1  #SUP: 39
2 -1 2 -1 9 -1 6 -1  #SUP: 66
2 -1 9 -1 2 -1 2 -1 7 -1 2 -1  #SUP: 43
7 -1 2 -1 7 -1 2 -1 2 -1 9 -1  #SUP: 38
12 -1 2 -1 9 -1  #SUP: 48
7 -1 2 -1 2 -1 9 -1 7 -1  #SUP: 43
2 -1 6 -1 2 -1 2 -1 2 -1 9 -1  #SUP: 38
6 -1 2 -1 2 -1 7 -1 7 -1  #SUP: 40
9 -1 6 -1 2 -1 2 -1 2 -1 2 -1  #SUP: 39
7 -1 2 -1 8 -1 7 -1  #SUP: 42
9 -1 9 -1 2 -1 2 -1 6 -1  #SUP: 42
8 -1 6 -1 7 -1  #SUP: 38
9 -1 7 -1 9 -1 6 -1  #SUP: 38
2 -1 9 -1 9 -1 7 -1  #SUP: 43
2 -1 2 -1 2 -1 6 -1 9 -1  #SUP: 47
7 -1 8 -1 2 -1 2 -1 7 -1  #SUP: 40
2 -1 6 -1 2 -1 6 -1 2 -1  #SUP: 53
9 -1 3 -1 2 -1  #SUP: 42
2 -1 2 -1 2 -1 7 -1 7 -1 7 -1  #SUP: 39
6 -1 2 -1 2 -1 6 -1 2 -1 2 -1  #SUP: 42
2 -1 9 -1 2 -1 2 -1 2 -1 9 -1  #SUP: 39
6 -1 9 -1 2 -1 6 -1  #SUP: 40
2 -1 6 -1 7 -1 6 -1  #SUP: 43
2 -1 2 -1 2 -1 2 -1 2 -1 6 -1 2 -1 2 -1  #SUP: 42
6 -1 3 -1 2 -1 2 -1  #SUP: 39
12 -1 7 -1 7 -1 2 -1  #SUP: 40
12 -1 9 -1 9 -1 2 -1  #SUP: 37
12 -1 2 -1 2 -1 2 -1 2 -1 2 -1  #SUP: 37
2 -1 2 -1 6 -1 2 -1 6 -1 2 -1 2 -1  #SUP: 37
2 -1 7 -1 2 -1 6 -1 6 -1  #SUP: 38
2 -1 3 -1 6 -1  #SUP: 54
2 -1 9 -1 2 -1 6 -1  #SUP: 61
6 -1 2 -1 2 -1 2 -1 2 -1  #SUP: 78
2 -1 12 -1 2 -1  #SUP: 66
2 -1 8 -1 2 -1 2 -1 2 -1  #SUP: 52
2 -1 7 -1 2 -1 2 -1 7 -1  #SUP: 76
7 -1 2 -1 2 -1 6 -1 2 -1  #SUP: 49
2 -1 7 -1 2 -1 2 -1  #SUP: 118
2 -1 2 -1 2 -1  #SUP: 256
7 -1 2 -1 7 -1 2 -1 7 -1  #SUP: 83
2 -1 7 -1 2 -1 2 -1 7 -1 2 -1  #SUP: 56
2 -1 7 -1 2 -1 6 -1  #SUP: 71
2 -1 7 -1 2 -1 7 -1  #SUP: 116
2 -1 2 -1 2 -1 2 -1 6 -1 2 -1 2 -1 2 -1  #SUP: 42
2 -1 7 -1 2 -1 9 -1  #SUP: 74
2 -1 2 -1 2 -1 2 -1 2 -1 9 -1  #SUP: 60
2 -1 7 -1 9 -1  #SUP: 108
2 -1 2 -1 2 -1 2 -1 9 -1 2 -1 2 -1  #SUP: 41
2 -1 3 -1 2 -1 2 -1  #SUP: 46
2 -1 2 -1 7 -1 2 -1 2 -1 2 -1 2 -1  #SUP: 45
2 -1 9 -1 2 -1 2 -1 2 -1 2 -1  #SUP: 55
2 -1 2 -1 2 -1 2 -1 2 -1 2 -1 2 -1  #SUP: 81
2 -1 6 -1 2 -1  #SUP: 137
9 -1 8 -1 9 -1  #SUP: 49
2 -1 6 -1 3 -1  #SUP: 56
9 -1 2 -1 7 -1 6 -1  #SUP: 47
2 -1 8 -1 2 -1 2 -1  #SUP: 72
6 -1 9 -1 6 -1  #SUP: 55
8 -1 2 -1 7 -1 7 -1 2 -1  #SUP: 44
9 -1 2 -1 2 -1 2 -1 7 -1  #SUP: 65
2 -1 6 -1 6 -1  #SUP: 87
2 -1 7 -1 7 -1 2 -1 7 -1  #SUP: 68
2 -1 6 -1 7 -1  #SUP: 83
2 -1 7 -1 7 -1 2 -1 2 -1  #SUP: 67
2 -1 2 -1 2 -1 9 -1 2 -1 2 -1  #SUP: 49
3 -1 3 -1 6 -1  #SUP: 49
2 -1 6 -1 9 -1  #SUP: 84
6 -1 2 -1 2 -1 2 -1 2 -1 2 -1 2 -1  #SUP: 54
2 -1 9 -1 2 -1 6 -1 2 -1  #SUP: 47
9 -1 7 -1 9 -1 7 -1  #SUP: 48
2 -1 2 -1 8 -1  #SUP: 74
7 -1 9 -1 7 -1 2 -1  #SUP: 65
2 -1 9 -1 9 -1 2 -1 2 -1  #SUP: 39
7 -1 2 -1 6 -1 6 -1  #SUP: 54
9 -1 7 -1 2 -1 7 -1 9 -1  #SUP: 45
2 -1 2 -1 7 -1 2 -1 2 -1 7 -1 2 -1  #SUP: 40
9 -1 2 -1 2 -1 2 -1 2 -1 7 -1  #SUP: 48
9 -1 6 -1 6 -1  #SUP: 60
9 -1 7 -1 2 -1 7 -1 2 -1 7 -1  #SUP: 47
7 -1 2 -1 6 -1 9 -1  #SUP: 47
2 -1 9 -1 9 -1 9 -1  #SUP: 41
9 -1 2 -1 2 -1 2 -1 2 -1 2 -1 2 -1  #SUP: 49
2 -1 2 -1 2 -1 6 -1 2 -1  #SUP: 77
2 -1 6 -1 2 -1 2 -1 6 -1  #SUP: 53
9 -1 2 -1 7 -1 2 -1 2 -1  #SUP: 58
9 -1 2 -1 7 -1 2 -1  #SUP: 79
12 -1 9 -1 2 -1 7 -1  #SUP: 42
2 -1 2 -1 7 -1 2 -1  #SUP: 115
7 -1 2 -1 2 -1 7 -1 2 -1 7 -1  #SUP: 50
9 -1 9 -1 2 -1 2 -1 2 -1 2 -1  #SUP: 48
7 -1 7 -1 2 -1 7 -1 2 -1 7 -1  #SUP: 52
2 -1 2 -1 7 -1 6 -1  #SUP: 59
2 -1 2 -1 7 -1 7 -1  #SUP: 93
2 -1 6 -1 6 -1 7 -1  #SUP: 45
2 -1 2 -1 7 -1 9 -1  #SUP: 80
9 -1 2 -1 6 -1 7 -1  #SUP: 44
9 -1 2 -1 7 -1 2 -1 9 -1  #SUP: 48
7 -1 2 -1 7 -1 2 -1 2 -1 7 -1  #SUP: 52
3 -1 6 -1 3 -1  #SUP: 47
2 -1 2 -1 9 -1 7 -1 2 -1  #SUP: 50
7 -1 7 -1 7 -1 7 -1 2 -1  #SUP: 48
7 -1 7 -1 7 -1 2 -1  #SUP: 76
2 -1 2 -1 9 -1  #SUP: 141
7 -1 9 -1 2 -1 2 -1 2 -1  #SUP: 57
7 -1 2 -1 2 -1 7 -1 7 -1  #SUP: 55
2 -1 3 -1 3 -1  #SUP: 60
2 -1 6 -1 7 -1 2 -1  #SUP: 60
7 -1 2 -1 7 -1 9 -1 7 -1  #SUP: 45
7 -1 2 -1 7 -1 7 -1 2 -1  #SUP: 66
7 -1 8 -1 2 -1  #SUP: 62
2 -1 2 -1 9 -1 2 -1 2 -1  #SUP: 67
7 -1 8 -1 9 -1  #SUP: 52
12 -1 9 -1 2 -1 2 -1  #SUP: 47
2 -1 6 -1 2 -1 2 -1  #SUP: 101
2 -1 2 -1 2 -1 7 -1 2 -1 2 -1  #SUP: 62
2 -1 6 -1 2 -1 2 -1 9 -1  #SUP: 48
2 -1 6 -1 2 -1 7 -1  #SUP: 69
6 -1 7 -1 7 -1  #SUP: 65
2 -1 2 -1 2 -1 2 -1 2 -1 2 -1 6 -1  #SUP: 47
6 -1 3 -1 6 -1  #SUP: 50
8 -1 9 -1 9 -1  #SUP: 53
2 -1 3 -1 2 -1  #SUP: 61
2 -1 2 -1 9 -1 2 -1 2 -1 2 -1  #SUP: 49
7 -1 8 -1 2 -1 2 -1  #SUP: 49
2 -1 9 -1 2 -1 2 -1  #SUP: 93
12 -1 2 -1 6 -1  #SUP: 55
13 -1 2 -1 7 -1  #SUP: 45
2 -1 2 -1 7 -1 2 -1 7 -1 7 -1  #SUP: 51
6 -1 6 -1 2 -1  #SUP: 87
2 -1 9 -1 2 -1 9 -1  #SUP: 62
7 -1 7 -1 7 -1 7 -1  #SUP: 69
7 -1 2 -1 2 -1 2 -1 7 -1 2 -1  #SUP: 58
9 -1 6 -1 2 -1  #SUP: 90
12 -1 2 -1 7 -1 7 -1  #SUP: 45
2 -1 2 -1 6 -1 6 -1 2 -1  #SUP: 51
2 -1 7 -1 8 -1  #SUP: 52
2 -1 6 -1 6 -1 6 -1  #SUP: 47
6 -1 6 -1 3 -1  #SUP: 47
7 -1 2 -1 7 -1 2 -1  #SUP: 114
9 -1 9 -1 6 -1 2 -1  #SUP: 50
8 -1 2 -1 7 -1 2 -1 2 -1  #SUP: 51
2 -1 2 -1 7 -1 9 -1 2 -1  #SUP: 46
7 -1 2 -1 7 -1 6 -1  #SUP: 54
7 -1 2 -1 7 -1 7 -1  #SUP: 97
9 -1 12 -1 2 -1  #SUP: 50
7 -1 2 -1 7 -1 9 -1  #SUP: 77
6 -1 6 -1 7 -1  #SUP: 54
7 -1 7 -1 2 -1 7 -1  #SUP: 95
6 -1 6 -1 2 -1 2 -1 2 -1  #SUP: 46
6 -1 7 -1 2 -1 2 -1  #SUP: 58
9 -1 2 -1 2 -1  #SUP: 136
8 -1 2 -1 2 -1 2 -1 7 -1  #SUP: 48
8 -1 2 -1 2 -1 9 -1  #SUP: 57
2 -1 2 -1 6 -1 7 -1  #SUP: 56
9 -1 7 -1 7 -1 2 -1 7 -1  #SUP: 52
7 -1 7 -1 2 -1 2 -1 2 -1  #SUP: 66
9 -1 2 -1 2 -1 6 -1 2 -1  #SUP: 57
9 -1 9 -1 2 -1 6 -1  #SUP: 50
9 -1 2 -1 6 -1  #SUP: 87
7 -1 2 -1 9 -1 2 -1  #SUP: 59
9 -1 2 -1 7 -1  #SUP: 114
2 -1 2 -1 6 -1 9 -1  #SUP: 63
12 -1 9 -1 7 -1 2 -1  #SUP: 42
2 -1 9 -1 2 -1 7 -1 2 -1  #SUP: 52
9 -1 2 -1 9 -1  #SUP: 90
6 -1 9 -1 2 -1 7 -1  #SUP: 47
8 -1 9 -1 2 -1  #SUP: 63
2 -1 2 -1 7 -1 2 -1 2 -1  #SUP: 83
9 -1 7 -1 2 -1 7 -1 2 -1  #SUP: 58
2 -1 2 -1 2 -1 7 -1 2 -1 7 -1  #SUP: 60
9 -1 2 -1 12 -1  #SUP: 42
8 -1 2 -1 6 -1 2 -1  #SUP: 50
2 -1 6 -1 2 -1 6 -1 2 -1 2 -1  #SUP: 44
7 -1 2 -1 9 -1 7 -1  #SUP: 58
7 -1 2 -1 2 -1  #SUP: 160
7 -1 6 -1 2 -1  #SUP: 74
2 -1 9 -1 2 -1 2 -1 7 -1  #SUP: 55
8 -1 9 -1 2 -1 2 -1  #SUP: 52
7 -1 2 -1 3 -1  #SUP: 41
2 -1 2 -1 6 -1 2 -1 9 -1  #SUP: 45
7 -1 7 -1 2 -1 7 -1 7 -1  #SUP: 62
9 -1 9 -1 2 -1 2 -1  #SUP: 68
9 -1 7 -1 2 -1 2 -1  #SUP: 76
9 -1 2 -1 2 -1 6 -1  #SUP: 71
9 -1 12 -1 9 -1  #SUP: 42
7 -1 9 -1 7 -1 7 -1  #SUP: 57
7 -1 9 -1 7 -1 7 -1 2 -1  #SUP: 45
9 -1 7 -1 2 -1  #SUP: 104
12 -1 9 -1 7 -1  #SUP: 49
7 -1 2 -1 6 -1 2 -1 2 -1  #SUP: 51
7 -1 2 -1 6 -1  #SUP: 95
9 -1 7 -1 6 -1  #SUP: 57
9 -1 7 -1 7 -1  #SUP: 84
7 -1 7 -1 2 -1 7 -1 2 -1  #SUP: 68
7 -1 2 -1 7 -1  #SUP: 166
9 -1 7 -1 9 -1  #SUP: 86
2 -1 2 -1 7 -1 2 -1 7 -1 2 -1 7 -1  #SUP: 46
8 -1 7 -1 2 -1 2 -1  #SUP: 54
7 -1 2 -1 8 -1  #SUP: 53
6 -1 2 -1 6 -1 2 -1 2 -1  #SUP: 52
9 -1 2 -1 7 -1 7 -1 2 -1  #SUP: 49
2 -1 2 -1 12 -1 2 -1  #SUP: 43
7 -1 2 -1 9 -1  #SUP: 101
8 -1 7 -1 9 -1  #SUP: 53
9 -1 2 -1 2 -1 2 -1 2 -1  #SUP: 82
6 -1 7 -1 2 -1  #SUP: 75
2 -1 9 -1 6 -1 2 -1  #SUP: 59
2 -1 2 -1 2 -1 6 -1 2 -1 2 -1 2 -1  #SUP: 47
2 -1 7 -1 7 -1 2 -1 9 -1  #SUP: 45
3 -1 3 -1 3 -1 3 -1  #SUP: 49
2 -1 2 -1 2 -1 9 -1 2 -1  #SUP: 64
2 -1 2 -1 2 -1 7 -1 9 -1  #SUP: 63
2 -1 9 -1 2 -1 2 -1 2 -1 6 -1  #SUP: 42
2 -1 2 -1 2 -1 7 -1 2 -1  #SUP: 86
6 -1 2 -1 2 -1 2 -1 7 -1  #SUP: 58
2 -1 2 -1 7 -1 2 -1 9 -1  #SUP: 57
7 -1 2 -1 7 -1 7 -1 7 -1  #SUP: 54
2 -1 2 -1 7 -1 2 -1 7 -1 2 -1  #SUP: 60
2 -1 6 -1 2 -1 2 -1 7 -1 2 -1  #SUP: 42
12 -1 2 -1 2 -1 7 -1  #SUP: 51
8 -1 9 -1 7 -1  #SUP: 58
9 -1 8 -1 2 -1  #SUP: 61
7 -1 8 -1 2 -1 7 -1 2 -1  #SUP: 41
2 -1 7 -1 2 -1 7 -1 2 -1 7 -1  #SUP: 63
7 -1 6 -1 7 -1  #SUP: 56
7 -1 6 -1 6 -1  #SUP: 58
2 -1 2 -1 2 -1 2 -1 7 -1 2 -1 7 -1  #SUP: 45
9 -1 7 -1 2 -1 9 -1  #SUP: 64
7 -1 8 -1 7 -1  #SUP: 58
6 -1 2 -1 2 -1 2 -1 9 -1  #SUP: 49
2 -1 2 -1 10 -1  #SUP: 48
9 -1 2 -1 9 -1 2 -1  #SUP: 59
2 -1 2 -1 6 -1 6 -1  #SUP: 63
8 -1 7 -1 2 -1  #SUP: 75
7 -1 2 -1 2 -1 2 -1  #SUP: 109
2 -1 9 -1 9 -1 2 -1  #SUP: 57
9 -1 2 -1 2 -1 2 -1 2 -1 2 -1  #SUP: 63
3 -1 2 -1 2 -1 2 -1  #SUP: 50
7 -1 2 -1 2 -1 6 -1  #SUP: 69
7 -1 2 -1 2 -1 7 -1  #SUP: 104
7 -1 2 -1 2 -1 2 -1 7 -1 2 -1 2 -1  #SUP: 44
7 -1 2 -1 2 -1 9 -1  #SUP: 76
2 -1 2 -1 2 -1 9 -1 7 -1  #SUP: 56
9 -1 7 -1 7 -1 2 -1 9 -1  #SUP: 43
7 -1 7 -1 2 -1  #SUP: 130
2 -1 2 -1 9 -1 2 -1 6 -1  #SUP: 47
12 -1 9 -1 2 -1 2 -1 2 -1  #SUP: 40
6 -1 9 -1 7 -1 2 -1  #SUP: 44
2 -1 7 -1 9 -1 7 -1  #SUP: 60
2 -1 6 -1 6 -1 2 -1  #SUP: 67
7 -1 2 -1 2 -1 2 -1 2 -1 2 -1  #SUP: 66
7 -1 2 -1 2 -1 7 -1 2 -1  #SUP: 72
7 -1 7 -1 6 -1  #SUP: 60
2 -1 2 -1 2 -1 7 -1 7 -1  #SUP: 67
7 -1 7 -1 7 -1  #SUP: 110
8 -1 2 -1 7 -1 2 -1  #SUP: 71
2 -1 2 -1 9 -1 6 -1 2 -1  #SUP: 47
2 -1 2 -1 7 -1 2 -1 7 -1 9 -1  #SUP: 45
7 -1 7 -1 9 -1  #SUP: 84
7 -1 7 -1 2 -1 2 -1 7 -1 2 -1  #SUP: 52
6 -1 9 -1 2 -1 2 -1 2 -1  #SUP: 47
8 -1 2 -1 7 -1 2 -1 7 -1  #SUP: 52
9 -1 2 -1 2 -1 7 -1 2 -1  #SUP: 67
8 -1 2 -1 7 -1 7 -1  #SUP: 57
2 -1 5 -1 2 -1  #SUP: 50
6 -1 2 -1 2 -1 2 -1 7 -1 2 -1  #SUP: 44
9 -1 7 -1 2 -1 7 -1 7 -1  #SUP: 51
6 -1 2 -1 2 -1 9 -1 2 -1  #SUP: 50
9 -1 6 -1 2 -1 9 -1  #SUP: 43
2 -1 7 -1 2 -1 2 -1 7 -1 2 -1 7 -1  #SUP: 41
9 -1 7 -1 2 -1 2 -1 2 -1  #SUP: 56
9 -1 7 -1 7 -1 9 -1  #SUP: 50
2 -1 7 -1 2 -1 2 -1 2 -1 2 -1 2 -1  #SUP: 49
2 -1 9 -1 7 -1 2 -1 2 -1  #SUP: 51
8 -1 2 -1 6 -1 2 -1 2 -1  #SUP: 44
2 -1 6 -1 2 -1 2 -1 2 -1 2 -1 2 -1  #SUP: 50
9 -1 6 -1 9 -1  #SUP: 62
2 -1 7 -1 2 -1 7 -1 2 -1  #SUP: 85
2 -1 9 -1 7 -1 2 -1  #SUP: 68
6 -1 9 -1 2 -1 2 -1  #SUP: 55
2 -1 9 -1 6 -1 9 -1  #SUP: 42
2 -1 2 -1 6 -1 2 -1  #SUP: 98
2 -1 8 -1 9 -1  #SUP: 57
7 -1 9 -1 2 -1  #SUP: 91
2 -1 2 -1 9 -1 2 -1 7 -1  #SUP: 55
2 -1 9 -1 2 -1 2 -1 9 -1  #SUP: 51
2 -1 2 -1 2 -1 2 -1 7 -1 2 -1 2 -1  #SUP: 50
7 -1 9 -1 6 -1  #SUP: 63
7 -1 9 -1 7 -1  #SUP: 90
2 -1 8 -1 6 -1  #SUP: 45
7 -1 9 -1 9 -1  #SUP: 71
2 -1 6 -1 2 -1 7 -1 2 -1  #SUP: 54
6 -1 9 -1 9 -1  #SUP: 58
9 -1 2 -1 2 -1 2 -1 7 -1 2 -1  #SUP: 49
2 -1 2 -1 6 -1  #SUP: 139
8 -1 2 -1 2 -1 2 -1 9 -1  #SUP: 47
7 -1 9 -1 2 -1 2 -1  #SUP: 67
9 -1 2 -1 6 -1 2 -1  #SUP: 70
12 -1 7 -1 2 -1  #SUP: 59
7 -1 6 -1 2 -1 7 -1  #SUP: 44
7 -1 2 -1 2 -1 2 -1 2 -1  #SUP: 89
7 -1 2 -1 2 -1 2 -1 2 -1 7 -1  #SUP: 53
2 -1 9 -1 2 -1 2 -1 2 -1  #SUP: 67
2 -1 7 -1 2 -1 2 -1 2 -1 2 -1  #SUP: 66
6 -1 2 -1 2 -1 6 -1 2 -1  #SUP: 55
2 -1 6 -1 2 -1 2 -1 7 -1  #SUP: 51
9 -1 7 -1 2 -1 2 -1 7 -1  #SUP: 54
6 -1 9 -1 7 -1  #SUP: 62
2 -1 7 -1 2 -1 7 -1 7 -1 2 -1  #SUP: 46
2 -1 6 -1 2 -1 6 -1  #SUP: 67
7 -1 9 -1 7 -1 2 -1 7 -1 2 -1  #SUP: 40
3 -1 2 -1 6 -1  #SUP: 41
9 -1 9 -1 2 -1 2 -1 2 -1  #SUP: 56
7 -1 2 -1 2 -1 7 -1 2 -1 2 -1  #SUP: 57
7 -1 2 -1 9 -1 9 -1  #SUP: 47
7 -1 7 -1 2 -1 2 -1  #SUP: 90
7 -1 2 -1 2 -1 2 -1 7 -1  #SUP: 74
3 -1 2 -1 2 -1  #SUP: 69
9 -1 2 -1 7 -1 7 -1  #SUP: 64
6 -1 2 -1 2 -1 2 -1 6 -1  #SUP: 49
2 -1 2 -1 2 -1 2 -1 2 -1 2 -1 7 -1  #SUP: 54
2 -1 9 -1 2 -1 7 -1  #SUP: 72
7 -1 7 -1 7 -1 2 -1 2 -1  #SUP: 52
2 -1 12 -1 9 -1  #SUP: 48
2 -1 7 -1 2 -1 7 -1 7 -1  #SUP: 71
2 -1 6 -1 6 -1 2 -1 2 -1  #SUP: 52
2 -1 2 -1 12 -1  #SUP: 62
10 -1 2 -1 2 -1  #SUP: 42
2 -1 2 -1 2 -1 2 -1 2 -1 6 -1  #SUP: 63
6 -1 2 -1 7 -1 2 -1 7 -1  #SUP: 48
8 -1 2 -1 2 -1  #SUP: 110
6 -1 6 -1 6 -1  #SUP: 60
9 -1 2 -1 2 -1 7 -1  #SUP: 87
6 -1 9 -1 6 -1 2 -1  #SUP: 45
2 -1 2 -1 7 -1 2 -1 7 -1  #SUP: 83
8 -1 2 -1 7 -1  #SUP: 91
2 -1 6 -1 9 -1 2 -1  #SUP: 59
8 -1 2 -1 9 -1  #SUP: 69
2 -1 2 -1 2 -1 2 -1 2 -1 2 -1 2 -1 7 -1  #SUP: 45
9 -1 6 -1 7 -1  #SUP: 53
2 -1 6 -1 2 -1 2 -1 6 -1 2 -1  #SUP: 44
7 -1 7 -1 2 -1 2 -1 2 -1 2 -1  #SUP: 53
9 -1 2 -1 2 -1 7 -1 2 -1 2 -1  #SUP: 43
9 -1 2 -1 2 -1 9 -1 2 -1  #SUP: 47
9 -1 9 -1 2 -1 7 -1  #SUP: 54
2 -1 9 -1 7 -1 9 -1  #SUP: 56
2 -1 9 -1 2 -1  #SUP: 125
9 -1 6 -1 2 -1 2 -1  #SUP: 65
9 -1 7 -1 7 -1 2 -1 2 -1  #SUP: 49
2 -1 9 -1 7 -1 7 -1  #SUP: 52
2 -1 7 -1 7 -1 7 -1 7 -1  #SUP: 51
9 -1 8 -1 7 -1  #SUP: 47
6 -1 2 -1 7 -1 2 -1 2 -1  #SUP: 51
2 -1 6 -1 2 -1 9 -1  #SUP: 60
2 -1 9 -1 6 -1  #SUP: 79
12 -1 2 -1 2 -1 2 -1  #SUP: 61
2 -1 9 -1 7 -1  #SUP: 99
2 -1 7 -1 9 -1 2 -1  #SUP: 58
2 -1 2 -1 3 -1  #SUP: 65
7 -1 2 -1 9 -1 2 -1 7 -1  #SUP: 42
2 -1 9 -1 9 -1  #SUP: 88
7 -1 7 -1 2 -1 7 -1 2 -1 2 -1  #SUP: 48
2 -1 2 -1 7 -1 7 -1 2 -1 2 -1  #SUP: 49
2 -1 2 -1 2 -1 2 -1 7 -1 2 -1  #SUP: 65
8 -1 6 -1 2 -1 2 -1  #SUP: 45
9 -1 2 -1 7 -1 2 -1 7 -1 2 -1  #SUP: 45
7 -1 7 -1 9 -1 7 -1  #SUP: 50
9 -1 2 -1 7 -1 9 -1  #SUP: 64
6 -1 2 -1 7 -1 2 -1  #SUP: 66
2 -1 6 -1 2 -1 2 -1 2 -1  #SUP: 78
2 -1 9 -1 6 -1 2 -1 2 -1  #SUP: 42
7 -1 6 -1 2 -1 6 -1  #SUP: 43
12 -1 2 -1 7 -1  #SUP: 68
9 -1 2 -1 2 -1 2 -1 9 -1  #SUP: 57
8 -1 2 -1 2 -1 2 -1  #SUP: 83
9 -1 9 -1 7 -1 2 -1  #SUP: 55
8 -1 9 -1 6 -1  #SUP: 42
9 -1 2 -1 2 -1 2 -1  #SUP: 107
7 -1 7 -1 2 -1 2 -1 7 -1  #SUP: 65
9 -1 9 -1 2 -1  #SUP: 95
2 -1 8 -1 2 -1 2 -1 2 -1 2 -1  #SUP: 40
9 -1 9 -1 6 -1 2 -1 2 -1  #SUP: 40
9 -1 2 -1 2 -1 2 -1 6 -1  #SUP: 61
9 -1 9 -1 6 -1  #SUP: 67
9 -1 9 -1 7 -1  #SUP: 73
9 -1 9 -1 2 -1 9 -1  #SUP: 46
6 -1 2 -1 2 -1  #SUP: 145
9 -1 9 -1 9 -1  #SUP: 72
9 -1 7 -1 2 -1 7 -1  #SUP: 73
2 -1 2 -1 2 -1 2 -1 9 -1 2 -1  #SUP: 51
2 -1 2 -1 7 -1 7 -1 2 -1 7 -1  #SUP: 52
7 -1 8 -1 2 -1 7 -1  #SUP: 48
7 -1 2 -1 2 -1 2 -1 2 -1 6 -1  #SUP: 45
7 -1 2 -1 7 -1 2 -1 6 -1  #SUP: 45
8 -1 9 -1 7 -1 2 -1  #SUP: 44
6 -1 2 -1 7 -1 7 -1  #SUP: 52
2 -1 7 -1 2 -1 7 -1 9 -1  #SUP: 55
3 -1 2 -1 7 -1  #SUP: 55
2 -1 2 -1 2 -1 2 -1  #SUP: 182
7 -1 9 -1 2 -1 7 -1  #SUP: 66
7 -1 2 -1 7 -1 2 -1 2 -1 7 -1 2 -1  #SUP: 43
7 -1 9 -1 2 -1 2 -1 2 -1 7 -1  #SUP: 42
6 -1 2 -1 6 -1  #SUP: 93
7 -1 9 -1 2 -1 2 -1 7 -1  #SUP: 49
7 -1 7 -1 2 -1 7 -1 9 -1  #SUP: 49
2 -1 7 -1 2 -1 7 -1 2 -1 2 -1  #SUP: 58
6 -1 2 -1 7 -1  #SUP: 95
9 -1 2 -1 2 -1 6 -1 2 -1 2 -1  #SUP: 42
6 -1 2 -1 8 -1  #SUP: 41
2 -1 2 -1 2 -1 2 -1 9 -1 6 -1  #SUP: 40
2 -1 2 -1 2 -1 3 -1  #SUP: 47
2 -1 6 -1 9 -1 2 -1 2 -1  #SUP: 46
2 -1 2 -1 7 -1 7 -1 7 -1  #SUP: 56
2 -1 7 -1 2 -1 2 -1 6 -1  #SUP: 47
6 -1 2 -1 9 -1  #SUP: 79
6 -1 7 -1 9 -1  #SUP: 58
2 -1 2 -1 2 -1 9 -1 9 -1  #SUP: 48
2 -1 6 -1 7 -1 9 -1  #SUP: 49
8 -1 7 -1 2 -1 7 -1  #SUP: 54
8 -1 6 -1 2 -1  #SUP: 52
7 -1 2 -1 7 -1 2 -1 7 -1 2 -1  #SUP: 58
8 -1 2 -1 2 -1 2 -1 2 -1  #SUP: 59
2 -1 2 -1 7 -1  #SUP: 167
6 -1 7 -1 2 -1 7 -1  #SUP: 56
12 -1 9 -1 2 -1  #SUP: 61
6 -1 2 -1 2 -1 2 -1  #SUP: 107
2 -1 2 -1 3 -1 3 -1  #SUP: 42
2 -1 2 -1 7 -1 2 -1 6 -1  #SUP: 50
2 -1 2 -1 6 -1 2 -1 2 -1  #SUP: 71
6 -1 2 -1 2 -1 6 -1  #SUP: 68
2 -1 2 -1 2 -1 6 -1  #SUP: 98
6 -1 2 -1 2 -1 7 -1  #SUP: 74
6 -1 2 -1 2 -1 9 -1  #SUP: 65
8 -1 2 -1 2 -1 7 -1  #SUP: 67
2 -1 2 -1 2 -1 2 -1 2 -1 7 -1  #SUP: 66
8 -1 7 -1 7 -1 2 -1  #SUP: 47
2 -1 7 -1 2 -1 2 -1 2 -1 7 -1  #SUP: 54
6 -1 6 -1 9 -1  #SUP: 54
2 -1 7 -1 2 -1  #SUP: 171
2 -1 7 -1 7 -1 2 -1 2 -1 7 -1  #SUP: 48
2 -1 2 -1 2 -1 2 -1 7 -1 7 -1  #SUP: 51
6 -1 2 -1 6 -1 2 -1  #SUP: 69
2 -1 2 -1 2 -1 2 -1 2 -1  #SUP: 133
7 -1 7 -1 7 -1 9 -1  #SUP: 52
2 -1 2 -1 2 -1 8 -1  #SUP: 55
2 -1 2 -1 8 -1 2 -1  #SUP: 56
2 -1 2 -1 2 -1 7 -1  #SUP: 124
8 -1 7 -1 7 -1  #SUP: 60
9 -1 7 -1 9 -1 2 -1  #SUP: 53
2 -1 2 -1 2 -1 2 -1 6 -1 2 -1  #SUP: 67
2 -1 2 -1 2 -1 2 -1 6 -1  #SUP: 84
13 -1 2 -1 2 -1  #SUP: 62
2 -1 2 -1 2 -1 2 -1 7 -1  #SUP: 95
7 -1 9 -1 7 -1 2 -1 2 -1  #SUP: 51
2 -1 2 -1 2 -1 9 -1  #SUP: 108
2 -1 2 -1 2 -1 2 -1 2 -1 2 -1 9 -1  #SUP: 49
2 -1 2 -1 2 -1 2 -1 9 -1  #SUP: 81
2 -1 2 -1 2 -1 2 -1 6 -1 2 -1 2 -1  #SUP: 55
2 -1 12 -1 2 -1 2 -1  #SUP: 46
9 -1 9 -1 9 -1 2 -1  #SUP: 43
2 -1 2 -1 7 -1 7 -1 2 -1  #SUP: 67
6 -1 9 -1 2 -1  #SUP: 77
2 -1 2 -1 13 -1  #SUP: 48
7 -1 7 -1 2 -1 6 -1  #SUP: 53
2 -1 2 -1 8 -1 2 -1 2 -1  #SUP: 46
2 -1 8 -1 2 -1 7 -1  #SUP: 52
9 -1 6 -1 2 -1 7 -1  #SUP: 49
2 -1 2 -1 2 -1 6 -1 2 -1 2 -1  #SUP: 63
3 -1 3 -1 3 -1  #SUP: 61
6 -1 3 -1 3 -1  #SUP: 54
2 -1 9 -1 7 -1 7 -1 2 -1  #SUP: 44
12 -1 2 -1 2 -1  #SUP: 73
2 -1 2 -1 9 -1 2 -1  #SUP: 92
7 -1 7 -1 7 -1 2 -1 7 -1  #SUP: 56
8 -1 2 -1 2 -1 7 -1 2 -1  #SUP: 54
9 -1 2 -1 2 -1 2 -1 6 -1 2 -1  #SUP: 47
9 -1 7 -1 7 -1 2 -1  #SUP: 68
2 -1 2 -1 9 -1 7 -1  #SUP: 68
2 -1 2 -1 2 -1 12 -1  #SUP: 46
2 -1 2 -1 9 -1 9 -1  #SUP: 62
2 -1 2 -1 2 -1 6 -1 6 -1  #SUP: 49
2 -1 7 -1 6 -1 2 -1 2 -1  #SUP: 39
2 -1 7 -1 6 -1 2 -1  #SUP: 53
2 -1 2 -1 6 -1 2 -1 2 -1 2 -1  #SUP: 56
9 -1 2 -1 7 -1 2 -1 7 -1  #SUP: 58
2 -1 8 -1 7 -1  #SUP: 59
2 -1 2 -1 14 -1  #SUP: 54
9 -1 7 -1 7 -1 2 -1 7 -1 2 -1  #SUP: 38
6 -1 2 -1 2 -1 7 -1 2 -1  #SUP: 55
2 -1 7 -1 2 -1 7 -1 7 -1 7 -1  #SUP: 41
2 -1 7 -1 7 -1 2 -1 7 -1 2 -1  #SUP: 48
7 -1 2 -1 7 -1 2 -1 2 -1  #SUP: 73
2 -1 14 -1 2 -1  #SUP: 45
9 -1 2 -1 2 -1 9 -1  #SUP: 75
9 -1 9 -1 2 -1 2 -1 7 -1  #SUP: 43
7 -1 2 -1 9 -1 2 -1 2 -1  #SUP: 44
2 -1 2 -1 2 -1 7 -1 6 -1  #SUP: 45
12 -1 9 -1 9 -1  #SUP: 47
2 -1 6 -1 6 -1 9 -1  #SUP: 43
7 -1 2 -1 6 -1 2 -1  #SUP: 68
2 -1 2 -1 2 -1 2 -1 2 -1 2 -1 2 -1 2 -1  #SUP: 59
7 -1 7 -1 2 -1 9 -1  #SUP: 65
2 -1 7 -1 6 -1  #SUP: 81
9 -1 7 -1 2 -1 6 -1  #SUP: 51
6 -1 2 -1 6 -1 9 -1  #SUP: 41
7 -1 9 -1 7 -1 2 -1 7 -1  #SUP: 49
6 -1 2 -1 2 -1 2 -1 2 -1 2 -1  #SUP: 64
9 -1 7 -1 7 -1 7 -1  #SUP: 55
2 -1 8 -1 2 -1  #SUP: 91
7 -1 2 -1 2 -1 2 -1 7 -1 7 -1  #SUP: 42
9 -1 9 -1 7 -1 2 -1 2 -1  #SUP: 40
7 -1 9 -1 9 -1 2 -1  #SUP: 46
5 -1 2 -1 2 -1  #SUP: 53
2 -1 7 -1 2 -1 2 -1 2 -1  #SUP: 79
2 -1 7 -1 2 -1 2 -1 7 -1 2 -1 2 -1  #SUP: 46
2 -1 2 -1 2 -1 2 -1 7 -1 9 -1  #SUP: 47
2 -1 7 -1 7 -1 2 -1  #SUP: 97
2 -1 2 -1 2 -1 2 -1 9 -1 7 -1  #SUP: 42
2 -1 7 -1 7 -1  #SUP: 140
7 -1 2 -1 7 -1 2 -1 7 -1 7 -1  #SUP: 49
2 -1 7 -1 7 -1 6 -1  #SUP: 43
2 -1 7 -1 7 -1 7 -1  #SUP: 77
7 -1 7 -1 7 -1 2 -1 7 -1 2 -1  #SUP: 44
2 -1 7 -1 7 -1 9 -1  #SUP: 60
2 -1 3 -1 7 -1  #SUP: 47
12 -1 2 -1 7 -1 2 -1  #SUP: 48
2 -1 2 -1 2 -1 2 -1 2 -1 2 -1  #SUP: 105
9 -1 2 -1 2 -1 2 -1 6 -1 2 -1 2 -1  #SUP: 37
8 -1 9 -1 7 -1 2 -1 2 -1  #SUP: 37
2 -1 2 -1 2 -1 6 -1 2 -1 6 -1 2 -1  #SUP: 37
3 -1 2 -1 3 -1  #SUP: 37
