12 #SUP: 24
22 #SUP: 33
19 #SUP: 38
3 19 #SUP: 27
7 17 #SUP: 28
3 17 #SUP: 27
17 #SUP: 57
13 5 #SUP: 29
7 5 #SUP: 36
20 5 #SUP: 34
4 5 #SUP: 28
3 5 #SUP: 44
5 #SUP: 89
21 15 #SUP: 28
10 15 #SUP: 25
14 15 #SUP: 23
3 15 #SUP: 59
15 #SUP: 92
7 11 #SUP: 24
21 11 #SUP: 28
4 11 #SUP: 35
3 4 11 #SUP: 23
10 11 #SUP: 27
14 11 #SUP: 29
3 11 #SUP: 58
11 #SUP: 102
1 2 #SUP: 33
3 1 2 #SUP: 32
21 2 #SUP: 47
3 21 2 #SUP: 35
20 2 #SUP: 24
4 2 #SUP: 47
3 4 2 #SUP: 36
14 2 #SUP: 31
3 2 #SUP: 74
2 #SUP: 104
21 13 #SUP: 40
20 13 #SUP: 30
4 13 #SUP: 32
10 13 #SUP: 32
14 13 #SUP: 39
3 13 #SUP: 43
13 #SUP: 107
8 18 #SUP: 25
21 18 #SUP: 30
20 18 #SUP: 44
3 20 18 #SUP: 26
4 18 #SUP: 58
3 4 18 #SUP: 36
10 18 #SUP: 33
3 10 18 #SUP: 24
14 18 #SUP: 28
3 18 #SUP: 83
18 #SUP: 138
4 7 1 #SUP: 27
3 7 1 #SUP: 35
7 1 #SUP: 50
4 6 1 #SUP: 26
3 4 6 1 #SUP: 23
3 6 1 #SUP: 37
6 1 #SUP: 46
21 1 #SUP: 36
3 21 1 #SUP: 27
4 20 1 #SUP: 34
3 4 20 1 #SUP: 28
3 20 1 #SUP: 44
20 1 #SUP: 57
4 1 #SUP: 92
3 4 1 #SUP: 62
10 1 #SUP: 27
14 1 #SUP: 36
3 1 #SUP: 112
1 #SUP: 171
6 7 #SUP: 33
9 7 #SUP: 34
21 7 #SUP: 57
3 21 7 #SUP: 36
20 7 #SUP: 53
3 20 7 #SUP: 30
4 7 #SUP: 62
3 4 7 #SUP: 30
10 7 #SUP: 46
14 7 #SUP: 53
3 14 7 #SUP: 28
3 7 #SUP: 82
7 #SUP: 173
9 6 #SUP: 24
21 6 #SUP: 27
20 6 #SUP: 31
4 6 #SUP: 51
3 4 6 #SUP: 41
10 6 #SUP: 36
3 10 6 #SUP: 25
14 6 #SUP: 43
3 14 6 #SUP: 33
3 6 #SUP: 114
6 #SUP: 174
9 8 #SUP: 73
3 9 8 #SUP: 37
21 8 #SUP: 28
20 8 #SUP: 48
3 20 8 #SUP: 29
4 8 #SUP: 23
14 8 #SUP: 59
3 14 8 #SUP: 32
3 8 #SUP: 100
8 #SUP: 200
21 9 #SUP: 34
20 9 #SUP: 57
3 20 9 #SUP: 31
4 9 #SUP: 50
3 4 9 #SUP: 31
10 9 #SUP: 56
3 10 9 #SUP: 24
14 9 #SUP: 39
3 14 9 #SUP: 31
3 9 #SUP: 121
9 #SUP: 228
4 20 21 #SUP: 27
3 20 21 #SUP: 44
20 21 #SUP: 73
14 4 21 #SUP: 32
3 14 4 21 #SUP: 27
3 4 21 #SUP: 63
4 21 #SUP: 93
10 21 #SUP: 51
3 10 21 #SUP: 34
14 21 #SUP: 78
3 14 21 #SUP: 56
3 21 #SUP: 143
21 #SUP: 244
14 4 20 #SUP: 28
3 4 20 #SUP: 66
4 20 #SUP: 106
10 20 #SUP: 68
3 10 20 #SUP: 35
14 20 #SUP: 81
3 14 20 #SUP: 54
3 20 #SUP: 166
20 #SUP: 314
10 4 #SUP: 47
3 10 4 #SUP: 35
14 4 #SUP: 88
3 14 4 #SUP: 57
3 4 #SUP: 188
4 #SUP: 314
14 10 #SUP: 154
3 14 10 #SUP: 89
3 10 #SUP: 184
10 #SUP: 339
14 #SUP: 398
3 14 #SUP: 224
3 #SUP: 573
