1 -1 2 -1 2 -1 3 -1  #SUP: 8
21 -1 14 -1 4 -1  #SUP: 8
1 -1 1 -1 3 -1 4 -1 3 -1 1 -1  #SUP: 8
21 -1 7 -1 21 -1 21 -1  #SUP: 8
18 -1 20 -1 4 -1  #SUP: 8
3 -1 1 -1 2 -1 4 -1  #SUP: 8
2 -1 1 -1 6 -1  #SUP: 8
3 -1 1 -1 20 -1  #SUP: 8
9 -1 3 -1 6 -1  #SUP: 8
4 -1 4 -1 1 -1  #SUP: 8
3 -1 3 -1 4 -1 1 -1  #SUP: 8
21 -1 13 -1 2 -1  #SUP: 8
9 -1 21 -1 21 -1  #SUP: 8
1 -1 1 -1 2 -1  #SUP: 9
1 -1 3 -1 3 -1 3 -1 4 -1  #SUP: 8
3 -1 1 -1 3 -1 4 -1 3 -1  #SUP: 9
21 -1 13 -1 10 -1  #SUP: 9
8 -1 3 -1 4 -1  #SUP: 8
9 -1 3 -1 18 -1  #SUP: 8
13 -1 5 -1 3 -1  #SUP: 9
2 -1 3 -1 10 -1  #SUP: 8
3 -1 3 -1 3 -1 4 -1 3 -1  #SUP: 9
3 -1 13 -1 4 -1  #SUP: 8
7 -1 5 -1 3 -1  #SUP: 8
11 -1 3 -1 7 -1  #SUP: 8
7 -1 20 -1 4 -1  #SUP: 8
1 -1 1 -1 4 -1 1 -1  #SUP: 9
20 -1 7 -1 1 -1  #SUP: 9
4 -1 3 -1 2 -1  #SUP: 9
7 -1 1 -1 1 -1  #SUP: 9
6 -1 4 -1 3 -1  #SUP: 8
3 -1 3 -1 3 -1 3 -1 4 -1  #SUP: 9
3 -1 18 -1 8 -1  #SUP: 9
3 -1 3 -1 13 -1  #SUP: 9
10 -1 13 -1 10 -1  #SUP: 9
3 -1 1 -1 4 -1 1 -1  #SUP: 9
14 -1 20 -1 21 -1  #SUP: 9
3 -1 1 -1 1 -1 4 -1  #SUP: 9
1 -1 4 -1 7 -1  #SUP: 9
15 -1 3 -1 3 -1  #SUP: 9
8 -1 3 -1 8 -1  #SUP: 10
4 -1 3 -1 3 -1 6 -1  #SUP: 8
3 -1 1 -1 3 -1 3 -1 6 -1  #SUP: 9
18 -1 3 -1 20 -1  #SUP: 9
20 -1 1 -1 3 -1 3 -1  #SUP: 9
9 -1 3 -1 20 -1 4 -1  #SUP: 8
13 -1 3 -1 10 -1  #SUP: 9
7 -1 1 -1 6 -1  #SUP: 9
13 -1 21 -1 21 -1  #SUP: 9
3 -1 4 -1 3 -1 6 -1  #SUP: 9
14 -1 20 -1 3 -1 4 -1  #SUP: 9
1 -1 20 -1 4 -1  #SUP: 10
3 -1 3 -1 5 -1  #SUP: 9
2 -1 1 -1 3 -1  #SUP: 9
1 -1 19 -1 3 -1  #SUP: 9
1 -1 2 -1 2 -1  #SUP: 9
7 -1 14 -1 3 -1  #SUP: 9
7 -1 7 -1 14 -1  #SUP: 9
14 -1 3 -1 3 -1 21 -1  #SUP: 11
7 -1 4 -1 3 -1  #SUP: 10
7 -1 3 -1 7 -1  #SUP: 9
1 -1 3 -1 3 -1 4 -1 3 -1  #SUP: 8
1 -1 3 -1 4 -1 3 -1 6 -1  #SUP: 9
6 -1 21 -1 3 -1  #SUP: 9
19 -1 20 -1 3 -1  #SUP: 9
1 -1 2 -1 4 -1 3 -1  #SUP: 9
19 -1 1 -1 1 -1  #SUP: 9
3 -1 1 -1 21 -1  #SUP: 10
1 -1 3 -1 1 -1 3 -1 4 -1  #SUP: 9
3 -1 7 -1 21 -1  #SUP: 11
21 -1 20 -1 4 -1  #SUP: 9
21 -1 7 -1 21 -1 3 -1  #SUP: 10
1 -1 3 -1 2 -1 4 -1  #SUP: 9
1 -1 4 -1 1 -1 3 -1 6 -1  #SUP: 9
11 -1 3 -1 3 -1  #SUP: 9
2 -1 4 -1 2 -1  #SUP: 10
17 -1 3 -1 3 -1  #SUP: 9
9 -1 21 -1 3 -1  #SUP: 9
14 -1 1 -1 3 -1  #SUP: 10
19 -1 3 -1 3 -1 3 -1  #SUP: 9
2 -1 4 -1 6 -1  #SUP: 9
14 -1 21 -1 3 -1 21 -1  #SUP: 10
14 -1 10 -1 3 -1  #SUP: 10
21 -1 3 -1 21 -1 21 -1  #SUP: 9
9 -1 4 -1 4 -1  #SUP: 9
1 -1 3 -1 21 -1  #SUP: 10
3 -1 9 -1 8 -1  #SUP: 10
1 -1 7 -1 6 -1  #SUP: 9
3 -1 7 -1 17 -1  #SUP: 9
14 -1 14 -1 10 -1  #SUP: 10
2 -1 2 -1 3 -1  #SUP: 10
3 -1 20 -1 6 -1  #SUP: 8
21 -1 3 -1 3 -1 21 -1  #SUP: 9
21 -1 21 -1 21 -1 4 -1  #SUP: 9
3 -1 21 -1 4 -1 3 -1  #SUP: 9
1 -1 3 -1 1 -1 4 -1 3 -1  #SUP: 9
3 -1 3 -1 20 -1 4 -1  #SUP: 9
3 -1 20 -1 20 -1  #SUP: 9
7 -1 21 -1 4 -1  #SUP: 10
20 -1 1 -1 3 -1 1 -1  #SUP: 9
3 -1 3 -1 1 -1 6 -1  #SUP: 9
1 -1 3 -1 1 -1 1 -1 3 -1  #SUP: 9
11 -1 21 -1 4 -1  #SUP: 10
14 -1 3 -1 7 -1  #SUP: 10
20 -1 21 -1 20 -1  #SUP: 10
3 -1 19 -1 3 -1  #SUP: 9
7 -1 10 -1 3 -1  #SUP: 10
20 -1 1 -1 4 -1 1 -1  #SUP: 10
20 -1 18 -1 3 -1  #SUP: 11
1 -1 3 -1 4 -1 3 -1 1 -1  #SUP: 10
1 -1 5 -1 1 -1  #SUP: 9
21 -1 3 -1 3 -1 3 -1  #SUP: 10
4 -1 3 -1 1 -1 6 -1  #SUP: 9
14 -1 7 -1 4 -1  #SUP: 9
3 -1 1 -1 3 -1 3 -1 1 -1  #SUP: 9
3 -1 2 -1 1 -1  #SUP: 10
1 -1 1 -1 4 -1 3 -1 1 -1  #SUP: 9
7 -1 1 -1 4 -1  #SUP: 11
3 -1 13 -1 10 -1  #SUP: 11
2 -1 4 -1 3 -1  #SUP: 10
13 -1 13 -1 21 -1  #SUP: 10
3 -1 10 -1 21 -1  #SUP: 9
3 -1 3 -1 9 -1  #SUP: 9
4 -1 3 -1 18 -1  #SUP: 9
1 -1 1 -1 3 -1 4 -1 1 -1  #SUP: 8
3 -1 3 -1 4 -1 3 -1 3 -1  #SUP: 9
3 -1 21 -1 10 -1  #SUP: 13
3 -1 1 -1 4 -1  #SUP: 30
20 -1 3 -1 3 -1 3 -1  #SUP: 14
7 -1 20 -1 1 -1  #SUP: 9
4 -1 1 -1 4 -1  #SUP: 9
20 -1 7 -1 3 -1  #SUP: 9
3 -1 3 -1 1 -1 3 -1 3 -1  #SUP: 10
1 -1 1 -1 7 -1  #SUP: 9
9 -1 20 -1 3 -1  #SUP: 10
1 -1 3 -1 1 -1 3 -1 1 -1  #SUP: 11
21 -1 3 -1 21 -1 3 -1  #SUP: 14
19 -1 3 -1 4 -1  #SUP: 9
4 -1 7 -1 1 -1  #SUP: 10
1 -1 2 -1 1 -1  #SUP: 14
1 -1 4 -1 3 -1 3 -1  #SUP: 12
3 -1 3 -1 1 -1 3 -1 4 -1  #SUP: 9
20 -1 3 -1 3 -1 1 -1  #SUP: 12
13 -1 21 -1 4 -1  #SUP: 11
14 -1 13 -1 14 -1  #SUP: 11
14 -1 4 -1 4 -1  #SUP: 10
9 -1 3 -1 9 -1  #SUP: 9
3 -1 5 -1 1 -1  #SUP: 10
3 -1 1 -1 2 -1 3 -1  #SUP: 10
1 -1 3 -1 4 -1 6 -1  #SUP: 10
3 -1 20 -1 3 -1 21 -1  #SUP: 10
2 -1 3 -1 6 -1  #SUP: 14
3 -1 11 -1 3 -1  #SUP: 11
11 -1 3 -1 21 -1  #SUP: 12
1 -1 4 -1 4 -1  #SUP: 11
9 -1 3 -1 3 -1 4 -1  #SUP: 12
1 -1 7 -1 1 -1 3 -1  #SUP: 12
4 -1 1 -1 3 -1  #SUP: 12
3 -1 1 -1 3 -1 3 -1 3 -1  #SUP: 10
3 -1 1 -1 3 -1 1 -1 3 -1  #SUP: 9
3 -1 21 -1 3 -1 20 -1  #SUP: 9
14 -1 3 -1 2 -1  #SUP: 12
13 -1 13 -1 10 -1  #SUP: 10
1 -1 3 -1 2 -1  #SUP: 18
3 -1 3 -1 20 -1 3 -1  #SUP: 12
1 -1 3 -1 1 -1 3 -1 6 -1  #SUP: 10
3 -1 20 -1 3 -1 1 -1  #SUP: 10
1 -1 2 -1 6 -1  #SUP: 11
18 -1 3 -1 8 -1  #SUP: 10
10 -1 10 -1 3 -1  #SUP: 9
21 -1 13 -1 14 -1  #SUP: 9
1 -1 3 -1 20 -1  #SUP: 11
21 -1 14 -1 21 -1  #SUP: 11
1 -1 3 -1 3 -1 3 -1 6 -1  #SUP: 10
3 -1 14 -1 4 -1  #SUP: 13
13 -1 21 -1 3 -1  #SUP: 11
20 -1 4 -1 21 -1  #SUP: 10
1 -1 4 -1 1 -1 3 -1  #SUP: 10
1 -1 1 -1 3 -1 1 -1  #SUP: 14
1 -1 2 -1 3 -1 6 -1  #SUP: 11
3 -1 14 -1 21 -1  #SUP: 15
10 -1 3 -1 3 -1  #SUP: 16
18 -1 3 -1 3 -1  #SUP: 15
14 -1 7 -1 3 -1  #SUP: 10
1 -1 3 -1 3 -1 3 -1 3 -1  #SUP: 11
3 -1 20 -1 8 -1  #SUP: 10
3 -1 20 -1 1 -1 3 -1  #SUP: 11
1 -1 1 -1 3 -1 1 -1 3 -1  #SUP: 9
3 -1 10 -1 4 -1  #SUP: 9
20 -1 2 -1 3 -1  #SUP: 9
2 -1 21 -1 4 -1  #SUP: 10
14 -1 21 -1 3 -1 4 -1  #SUP: 13
1 -1 4 -1 2 -1 3 -1  #SUP: 9
20 -1 14 -1 10 -1  #SUP: 11
9 -1 7 -1 4 -1  #SUP: 9
6 -1 3 -1 21 -1  #SUP: 11
9 -1 20 -1 8 -1  #SUP: 10
20 -1 21 -1 21 -1  #SUP: 12
3 -1 20 -1 21 -1  #SUP: 15
3 -1 4 -1 3 -1 3 -1  #SUP: 12
20 -1 18 -1 4 -1  #SUP: 12
14 -1 21 -1 2 -1  #SUP: 10
10 -1 21 -1 3 -1  #SUP: 9
3 -1 10 -1 10 -1  #SUP: 12
21 -1 10 -1 3 -1  #SUP: 10
3 -1 3 -1 3 -1 3 -1 3 -1  #SUP: 11
21 -1 14 -1 3 -1  #SUP: 10
21 -1 21 -1 3 -1 3 -1  #SUP: 10
21 -1 13 -1 21 -1  #SUP: 15
3 -1 4 -1 2 -1  #SUP: 11
19 -1 1 -1 3 -1  #SUP: 11
21 -1 3 -1 1 -1  #SUP: 9
11 -1 3 -1 1 -1  #SUP: 10
1 -1 1 -1 1 -1 3 -1  #SUP: 11
4 -1 1 -1 6 -1  #SUP: 12
3 -1 7 -1 4 -1  #SUP: 12
14 -1 6 -1 3 -1  #SUP: 10
3 -1 6 -1 3 -1  #SUP: 12
20 -1 14 -1 4 -1  #SUP: 12
20 -1 7 -1 4 -1  #SUP: 11
21 -1 21 -1 21 -1 3 -1  #SUP: 12
19 -1 1 -1 3 -1 1 -1  #SUP: 9
18 -1 3 -1 21 -1  #SUP: 11
21 -1 3 -1 13 -1  #SUP: 11
21 -1 21 -1 2 -1  #SUP: 14
3 -1 3 -1 2 -1 3 -1  #SUP: 11
3 -1 3 -1 3 -1 10 -1  #SUP: 10
14 -1 21 -1 3 -1 3 -1  #SUP: 10
21 -1 21 -1 10 -1  #SUP: 10
21 -1 21 -1 13 -1  #SUP: 12
19 -1 3 -1 1 -1  #SUP: 15
4 -1 4 -1 7 -1  #SUP: 10
21 -1 21 -1 20 -1  #SUP: 11
1 -1 1 -1 3 -1 4 -1  #SUP: 11
10 -1 3 -1 14 -1  #SUP: 12
20 -1 3 -1 1 -1 4 -1  #SUP: 14
14 -1 3 -1 3 -1 4 -1  #SUP: 13
5 -1 3 -1 1 -1  #SUP: 13
3 -1 21 -1 21 -1 3 -1  #SUP: 12
3 -1 1 -1 3 -1 1 -1  #SUP: 14
1 -1 7 -1 4 -1  #SUP: 12
7 -1 3 -1 4 -1  #SUP: 17
21 -1 2 -1 21 -1  #SUP: 10
3 -1 1 -1 3 -1 2 -1  #SUP: 10
14 -1 3 -1 20 -1 3 -1  #SUP: 12
1 -1 1 -1 4 -1 3 -1  #SUP: 11
7 -1 7 -1 4 -1  #SUP: 10
13 -1 13 -1 3 -1  #SUP: 13
3 -1 21 -1 7 -1  #SUP: 10
21 -1 20 -1 3 -1 21 -1  #SUP: 8
1 -1 7 -1 1 -1 1 -1  #SUP: 8
4 -1 1 -1 3 -1 6 -1  #SUP: 10
1 -1 20 -1 1 -1 3 -1  #SUP: 10
3 -1 1 -1 1 -1  #SUP: 20
3 -1 1 -1 2 -1  #SUP: 17
14 -1 3 -1 4 -1  #SUP: 42
3 -1 1 -1 3 -1  #SUP: 37
3 -1 21 -1 3 -1 21 -1  #SUP: 16
3 -1 1 -1 6 -1  #SUP: 18
3 -1 4 -1 4 -1  #SUP: 19
3 -1 1 -1 7 -1  #SUP: 11
4 -1 21 -1 3 -1  #SUP: 12
19 -1 3 -1 1 -1 3 -1  #SUP: 10
3 -1 4 -1 6 -1  #SUP: 11
21 -1 21 -1 3 -1 21 -1  #SUP: 10
3 -1 20 -1 3 -1 10 -1  #SUP: 11
4 -1 2 -1 3 -1  #SUP: 13
3 -1 4 -1 7 -1  #SUP: 11
9 -1 4 -1 3 -1  #SUP: 9
10 -1 3 -1 4 -1  #SUP: 11
1 -1 20 -1 1 -1  #SUP: 12
14 -1 3 -1 9 -1  #SUP: 14
3 -1 21 -1 20 -1  #SUP: 13
3 -1 21 -1 21 -1  #SUP: 20
1 -1 3 -1 3 -1 1 -1  #SUP: 20
21 -1 4 -1 3 -1  #SUP: 21
21 -1 4 -1 4 -1  #SUP: 14
3 -1 5 -1 4 -1  #SUP: 10
20 -1 3 -1 1 -1 1 -1  #SUP: 11
3 -1 3 -1 14 -1  #SUP: 17
3 -1 21 -1 3 -1 4 -1  #SUP: 14
9 -1 3 -1 3 -1  #SUP: 25
1 -1 4 -1 3 -1 6 -1  #SUP: 14
9 -1 3 -1 4 -1  #SUP: 26
20 -1 4 -1 3 -1 1 -1  #SUP: 11
3 -1 4 -1 10 -1  #SUP: 14
3 -1 3 -1 3 -1 3 -1  #SUP: 20
14 -1 3 -1 8 -1  #SUP: 28
21 -1 4 -1 21 -1  #SUP: 16
4 -1 13 -1 4 -1  #SUP: 11
14 -1 3 -1 21 -1 4 -1  #SUP: 13
9 -1 3 -1 8 -1  #SUP: 29
14 -1 4 -1 3 -1  #SUP: 16
3 -1 1 -1 3 -1 4 -1  #SUP: 18
2 -1 3 -1 1 -1  #SUP: 13
9 -1 3 -1 10 -1  #SUP: 20
20 -1 3 -1 4 -1 3 -1  #SUP: 12
14 -1 3 -1 18 -1  #SUP: 11
3 -1 20 -1 3 -1 3 -1  #SUP: 14
21 -1 13 -1 3 -1  #SUP: 15
2 -1 3 -1 3 -1  #SUP: 13
20 -1 1 -1 4 -1 3 -1  #SUP: 11
18 -1 3 -1 10 -1  #SUP: 18
14 -1 3 -1 20 -1  #SUP: 27
1 -1 1 -1 3 -1  #SUP: 29
9 -1 3 -1 14 -1  #SUP: 16
10 -1 7 -1 10 -1  #SUP: 15
1 -1 4 -1 1 -1  #SUP: 24
1 -1 4 -1 2 -1  #SUP: 12
1 -1 4 -1 3 -1  #SUP: 27
14 -1 3 -1 21 -1 3 -1  #SUP: 14
21 -1 13 -1 13 -1  #SUP: 14
1 -1 4 -1 6 -1  #SUP: 18
9 -1 3 -1 20 -1  #SUP: 19
1 -1 3 -1 1 -1 4 -1  #SUP: 13
3 -1 4 -1 21 -1  #SUP: 13
1 -1 3 -1 3 -1 6 -1  #SUP: 14
9 -1 3 -1 21 -1  #SUP: 11
14 -1 3 -1 3 -1 3 -1  #SUP: 12
14 -1 3 -1 10 -1  #SUP: 69
20 -1 1 -1 3 -1  #SUP: 22
20 -1 4 -1 1 -1  #SUP: 16
11 -1 3 -1 10 -1  #SUP: 11
20 -1 4 -1 3 -1  #SUP: 25
6 -1 21 -1 4 -1  #SUP: 12
20 -1 4 -1 4 -1  #SUP: 13
1 -1 3 -1 1 -1 1 -1  #SUP: 12
1 -1 3 -1 1 -1  #SUP: 31
3 -1 3 -1 20 -1  #SUP: 21
1 -1 3 -1 3 -1  #SUP: 34
1 -1 3 -1 4 -1  #SUP: 35
20 -1 3 -1 3 -1 4 -1  #SUP: 14
1 -1 3 -1 6 -1  #SUP: 25
3 -1 1 -1 3 -1 6 -1  #SUP: 12
1 -1 7 -1 1 -1  #SUP: 18
3 -1 3 -1 21 -1  #SUP: 34
3 -1 7 -1 3 -1  #SUP: 14
21 -1 20 -1 21 -1  #SUP: 12
14 -1 18 -1 4 -1  #SUP: 11
3 -1 2 -1 4 -1  #SUP: 14
4 -1 3 -1 21 -1  #SUP: 17
20 -1 3 -1 4 -1 1 -1  #SUP: 9
21 -1 7 -1 4 -1  #SUP: 11
14 -1 3 -1 21 -1  #SUP: 32
1 -1 2 -1 4 -1  #SUP: 15
3 -1 1 -1 3 -1 3 -1  #SUP: 18
1 -1 1 -1 1 -1  #SUP: 16
7 -1 7 -1 3 -1  #SUP: 15
14 -1 1 -1 4 -1  #SUP: 13
3 -1 14 -1 3 -1  #SUP: 20
10 -1 3 -1 10 -1  #SUP: 16
3 -1 3 -1 1 -1  #SUP: 32
15 -1 3 -1 10 -1  #SUP: 13
13 -1 14 -1 3 -1  #SUP: 13
3 -1 14 -1 10 -1  #SUP: 19
14 -1 3 -1 1 -1  #SUP: 18
20 -1 1 -1 3 -1 4 -1  #SUP: 11
3 -1 20 -1 1 -1  #SUP: 17
3 -1 21 -1 3 -1 3 -1  #SUP: 15
3 -1 10 -1 3 -1  #SUP: 21
1 -1 3 -1 1 -1 3 -1 3 -1  #SUP: 13
3 -1 20 -1 3 -1  #SUP: 40
1 -1 1 -1 6 -1  #SUP: 19
3 -1 20 -1 4 -1  #SUP: 26
14 -1 20 -1 3 -1  #SUP: 18
1 -1 1 -1 3 -1 3 -1  #SUP: 16
1 -1 3 -1 1 -1 3 -1  #SUP: 21
3 -1 3 -1 2 -1  #SUP: 22
7 -1 20 -1 3 -1  #SUP: 11
1 -1 3 -1 3 -1 1 -1 3 -1  #SUP: 14
18 -1 3 -1 4 -1  #SUP: 23
3 -1 7 -1 7 -1  #SUP: 13
3 -1 18 -1 4 -1  #SUP: 18
3 -1 3 -1 1 -1 4 -1  #SUP: 14
3 -1 18 -1 3 -1  #SUP: 18
3 -1 20 -1 10 -1  #SUP: 16
9 -1 21 -1 4 -1  #SUP: 12
6 -1 3 -1 3 -1  #SUP: 15
6 -1 3 -1 4 -1  #SUP: 19
19 -1 7 -1 3 -1  #SUP: 9
4 -1 21 -1 4 -1  #SUP: 19
7 -1 21 -1 21 -1  #SUP: 11
3 -1 4 -1 3 -1 1 -1  #SUP: 13
3 -1 3 -1 3 -1  #SUP: 57
6 -1 3 -1 10 -1  #SUP: 15
20 -1 3 -1 2 -1  #SUP: 11
13 -1 3 -1 3 -1  #SUP: 13
20 -1 3 -1 1 -1  #SUP: 28
6 -1 3 -1 14 -1  #SUP: 14
3 -1 4 -1 3 -1  #SUP: 37
19 -1 3 -1 3 -1  #SUP: 12
14 -1 3 -1 3 -1  #SUP: 48
1 -1 3 -1 3 -1 4 -1  #SUP: 15
20 -1 3 -1 3 -1  #SUP: 35
21 -1 7 -1 21 -1  #SUP: 20
20 -1 3 -1 4 -1  #SUP: 43
1 -1 1 -1 3 -1 6 -1  #SUP: 15
20 -1 21 -1 4 -1  #SUP: 19
3 -1 3 -1 3 -1 6 -1  #SUP: 15
3 -1 3 -1 4 -1  #SUP: 54
21 -1 7 -1 3 -1  #SUP: 16
3 -1 3 -1 21 -1 3 -1  #SUP: 14
18 -1 21 -1 4 -1  #SUP: 15
20 -1 3 -1 6 -1  #SUP: 11
14 -1 21 -1 3 -1  #SUP: 25
14 -1 21 -1 4 -1  #SUP: 28
21 -1 21 -1 21 -1 21 -1  #SUP: 11
21 -1 4 -1 3 -1 4 -1  #SUP: 12
3 -1 2 -1 3 -1 4 -1  #SUP: 12
1 -1 3 -1 4 -1 3 -1  #SUP: 15
3 -1 20 -1 3 -1 4 -1  #SUP: 15
20 -1 3 -1 8 -1  #SUP: 19
15 -1 3 -1 21 -1  #SUP: 12
3 -1 7 -1 1 -1  #SUP: 12
3 -1 4 -1 3 -1 4 -1  #SUP: 14
14 -1 20 -1 10 -1  #SUP: 10
20 -1 21 -1 3 -1  #SUP: 16
14 -1 3 -1 3 -1 10 -1  #SUP: 18
7 -1 21 -1 3 -1  #SUP: 18
20 -1 3 -1 10 -1  #SUP: 23
14 -1 21 -1 21 -1  #SUP: 12
3 -1 1 -1 4 -1 3 -1  #SUP: 12
1 -1 3 -1 4 -1 1 -1  #SUP: 11
1 -1 7 -1 3 -1  #SUP: 14
20 -1 1 -1 2 -1  #SUP: 9
21 -1 3 -1 2 -1  #SUP: 14
5 -1 3 -1 4 -1  #SUP: 12
21 -1 3 -1 3 -1  #SUP: 26
3 -1 5 -1 3 -1  #SUP: 13
21 -1 3 -1 4 -1  #SUP: 33
7 -1 3 -1 21 -1  #SUP: 14
3 -1 3 -1 6 -1  #SUP: 24
1 -1 3 -1 3 -1 3 -1  #SUP: 20
20 -1 3 -1 1 -1 3 -1  #SUP: 14
1 -1 2 -1 3 -1 4 -1  #SUP: 12
20 -1 3 -1 14 -1  #SUP: 14
1 -1 2 -1 3 -1  #SUP: 22
21 -1 3 -1 8 -1  #SUP: 13
21 -1 3 -1 21 -1 4 -1  #SUP: 13
4 -1 7 -1 4 -1  #SUP: 14
7 -1 1 -1 3 -1  #SUP: 17
21 -1 3 -1 10 -1  #SUP: 17
3 -1 3 -1 4 -1 3 -1  #SUP: 16
1 -1 4 -1 3 -1 1 -1  #SUP: 16
11 -1 3 -1 4 -1  #SUP: 15
9 -1 20 -1 4 -1  #SUP: 13
1 -1 2 -1 3 -1 3 -1  #SUP: 12
14 -1 3 -1 14 -1  #SUP: 23
2 -1 3 -1 21 -1  #SUP: 11
21 -1 3 -1 14 -1  #SUP: 15
21 -1 21 -1 3 -1  #SUP: 27
21 -1 21 -1 4 -1  #SUP: 21
3 -1 13 -1 3 -1  #SUP: 15
3 -1 3 -1 1 -1 3 -1  #SUP: 18
13 -1 3 -1 4 -1  #SUP: 12
3 -1 3 -1 7 -1  #SUP: 12
3 -1 18 -1 3 -1 4 -1  #SUP: 10
20 -1 20 -1 3 -1  #SUP: 12
10 -1 3 -1 21 -1  #SUP: 16
20 -1 3 -1 20 -1  #SUP: 15
3 -1 9 -1 3 -1  #SUP: 13
21 -1 3 -1 20 -1  #SUP: 18
2 -1 3 -1 4 -1  #SUP: 20
21 -1 3 -1 21 -1  #SUP: 33
3 -1 3 -1 21 -1 4 -1  #SUP: 13
20 -1 3 -1 21 -1  #SUP: 26
21 -1 21 -1 21 -1  #SUP: 18
4 -1 3 -1 1 -1  #SUP: 25
1 -1 1 -1 4 -1  #SUP: 18
3 -1 3 -1 8 -1  #SUP: 18
3 -1 3 -1 3 -1 1 -1  #SUP: 12
4 -1 3 -1 3 -1  #SUP: 23
14 -1 20 -1 4 -1  #SUP: 15
4 -1 3 -1 4 -1  #SUP: 27
20 -1 1 -1 4 -1  #SUP: 25
3 -1 21 -1 2 -1  #SUP: 14
5 -1 3 -1 3 -1  #SUP: 14
4 -1 3 -1 6 -1  #SUP: 16
1 -1 20 -1 3 -1  #SUP: 14
3 -1 21 -1 3 -1  #SUP: 37
21 -1 2 -1 3 -1  #SUP: 14
7 -1 3 -1 1 -1  #SUP: 15
14 -1 3 -1 6 -1  #SUP: 15
3 -1 21 -1 4 -1  #SUP: 40
7 -1 3 -1 3 -1  #SUP: 17
4 -1 3 -1 10 -1  #SUP: 19
1 -1 4 -1 1 -1 6 -1  #SUP: 11
3 -1 4 -1 1 -1  #SUP: 20
3 -1 1 -1 1 -1 3 -1  #SUP: 11
1 -1 3 -1 2 -1 3 -1  #SUP: 12
3 -1 2 -1 3 -1  #SUP: 22
1 -1 2 -1 3 -1 1 -1  #SUP: 12
4 -1 4 -1 3 -1  #SUP: 12
21 -1 20 -1 3 -1  #SUP: 13
20 -1 14 -1 3 -1  #SUP: 15
3 -1 3 -1 10 -1  #SUP: 43
20 -1 1 -1 1 -1  #SUP: 17
1 -1 3 -1 1 -1 6 -1  #SUP: 13
21 -1 7 -1 20 -1  #SUP: 10
3 -1 3 -1 3 -1 4 -1  #SUP: 23
14 -1 21 -1 21 -1 3 -1  #SUP: 9
1 -1 1 -1 3 -1 4 -1 3 -1  #SUP: 9
