12 -1 14 -1 13 -1 13 -1  #SUP: 3
13 -1 15 -1 4 -1 19 -1 13 -1  #SUP: 3
6 -1 13 -1 6 -1 16 -1  #SUP: 3
6 -1 15 -1 17 -1 15 -1  #SUP: 3
12 -1 15 -1 9 -1  #SUP: 3
15 -1 17 -1 15 -1 9 -1  #SUP: 3
1 -1 17 -1 6 -1  #SUP: 3
13 -1 15 -1 4 -1 19 -1  #SUP: 3
12 -1 15 -1 14 -1  #SUP: 3
4 -1 4 -1 5 -1  #SUP: 3
13 -1 6 -1 13 -1 6 -1  #SUP: 3
12 -1 3 -1 12 -1  #SUP: 3
12 -1 14 -1 16 -1  #SUP: 3
3 -1 13 -1 6 -1 6 -1  #SUP: 3
17 -1 6 -1 6 -1 6 -1 17 -1  #SUP: 3
12 -1 3 -1 17 -1 13 -1 16 -1  #SUP: 3
18 -1 6 -1 17 -1 6 -1  #SUP: 3
17 -1 3 -1 5 -1  #SUP: 3
12 -1 15 -1 15 -1 6 -1  #SUP: 3
6 -1 19 -1 6 -1 6 -1  #SUP: 3
12 -1 6 -1 17 -1 16 -1  #SUP: 3
12 -1 13 -1 14 -1  #SUP: 3
13 -1 3 -1 13 -1 3 -1  #SUP: 3
6 -1 6 -1 6 -1 3 -1  #SUP: 3
12 -1 15 -1 15 -1 9 -1  #SUP: 3
12 -1 15 -1 17 -1 6 -1  #SUP: 3
12 -1 15 -1 12 -1  #SUP: 3
6 -1 11 -1 17 -1  #SUP: 3
6 -1 12 -1 6 -1 17 -1  #SUP: 3
6 -1 17 -1 13 -1 6 -1  #SUP: 3
3 -1 6 -1 13 -1 6 -1 17 -1  #SUP: 3
6 -1 12 -1 6 -1 5 -1  #SUP: 3
12 -1 6 -1 11 -1 6 -1  #SUP: 3
6 -1 14 -1 13 -1 6 -1  #SUP: 3
3 -1 6 -1 14 -1 6 -1  #SUP: 3
15 -1 14 -1 17 -1  #SUP: 3
12 -1 6 -1 13 -1 3 -1  #SUP: 3
3 -1 6 -1 13 -1 16 -1  #SUP: 3
6 -1 3 -1 17 -1 16 -1  #SUP: 3
15 -1 15 -1 12 -1  #SUP: 3
19 -1 4 -1 19 -1  #SUP: 3
12 -1 6 -1 11 -1  #SUP: 3
12 -1 13 -1 10 -1  #SUP: 3
6 -1 5 -1 15 -1  #SUP: 3
13 -1 6 -1 13 -1 3 -1  #SUP: 3
15 -1 6 -1 9 -1  #SUP: 3
13 -1 13 -1 15 -1 6 -1  #SUP: 3
9 -1 6 -1 17 -1  #SUP: 3
12 -1 6 -1 12 -1 17 -1  #SUP: 3
13 -1 6 -1 17 -1 6 -1  #SUP: 3
15 -1 13 -1 6 -1  #SUP: 3
15 -1 13 -1 13 -1  #SUP: 3
20 -1 17 -1 13 -1  #SUP: 3
18 -1 6 -1 6 -1  #SUP: 3
17 -1 3 -1 6 -1  #SUP: 3
9 -1 15 -1 19 -1  #SUP: 3
12 -1 12 -1 5 -1  #SUP: 3
12 -1 15 -1 17 -1 9 -1  #SUP: 3
17 -1 6 -1 6 -1 16 -1  #SUP: 3
17 -1 18 -1 6 -1 17 -1  #SUP: 3
12 -1 3 -1 6 -1 6 -1 16 -1  #SUP: 3
12 -1 3 -1 17 -1 6 -1  #SUP: 3
4 -1 4 -1 17 -1  #SUP: 3
14 -1 14 -1 19 -1  #SUP: 3
6 -1 14 -1 13 -1  #SUP: 3
14 -1 14 -1 16 -1  #SUP: 3
9 -1 15 -1 19 -1 15 -1  #SUP: 3
15 -1 19 -1 4 -1 19 -1  #SUP: 3
6 -1 3 -1 10 -1 6 -1  #SUP: 3
6 -1 17 -1 13 -1 6 -1 17 -1  #SUP: 3
6 -1 13 -1 17 -1 6 -1 16 -1  #SUP: 3
14 -1 6 -1 13 -1 6 -1  #SUP: 3
19 -1 15 -1 9 -1  #SUP: 3
6 -1 14 -1 6 -1 13 -1  #SUP: 3
1 -1 6 -1 16 -1  #SUP: 3
12 -1 6 -1 10 -1  #SUP: 3
17 -1 15 -1 19 -1 6 -1  #SUP: 3
14 -1 17 -1 15 -1  #SUP: 3
12 -1 13 -1 13 -1 6 -1  #SUP: 3
15 -1 15 -1 13 -1  #SUP: 3
15 -1 15 -1 17 -1  #SUP: 3
17 -1 13 -1 17 -1  #SUP: 4
14 -1 17 -1 16 -1  #SUP: 3
15 -1 17 -1 15 -1 19 -1  #SUP: 3
1 -1 6 -1 17 -1  #SUP: 3
13 -1 15 -1 19 -1 4 -1  #SUP: 3
13 -1 4 -1 19 -1  #SUP: 3
12 -1 6 -1 3 -1 13 -1 12 -1  #SUP: 3
12 -1 13 -1 3 -1 13 -1  #SUP: 3
13 -1 15 -1 4 -1  #SUP: 3
9 -1 6 -1 6 -1  #SUP: 3
6 -1 12 -1 6 -1 6 -1  #SUP: 3
11 -1 13 -1 13 -1  #SUP: 3
6 -1 14 -1 9 -1  #SUP: 3
13 -1 13 -1 6 -1 13 -1  #SUP: 3
6 -1 13 -1 17 -1 16 -1  #SUP: 3
11 -1 13 -1 6 -1 3 -1  #SUP: 3
12 -1 17 -1 13 -1 16 -1  #SUP: 3
6 -1 6 -1 17 -1 6 -1 6 -1  #SUP: 3
6 -1 6 -1 6 -1 16 -1  #SUP: 3
12 -1 3 -1 9 -1  #SUP: 3
3 -1 6 -1 10 -1 6 -1  #SUP: 3
6 -1 16 -1 16 -1  #SUP: 3
12 -1 3 -1 13 -1 12 -1  #SUP: 3
12 -1 6 -1 3 -1 17 -1  #SUP: 3
13 -1 13 -1 15 -1 15 -1  #SUP: 3
6 -1 3 -1 12 -1  #SUP: 3
6 -1 3 -1 16 -1  #SUP: 3
12 -1 6 -1 17 -1 9 -1  #SUP: 3
6 -1 6 -1 6 -1 6 -1 6 -1 9 -1  #SUP: 3
4 -1 17 -1 13 -1  #SUP: 3
13 -1 19 -1 19 -1  #SUP: 3
12 -1 17 -1 15 -1 19 -1  #SUP: 3
6 -1 15 -1 19 -1  #SUP: 4
17 -1 9 -1 6 -1  #SUP: 3
6 -1 6 -1 19 -1  #SUP: 3
15 -1 19 -1 6 -1 9 -1  #SUP: 3
6 -1 3 -1 6 -1 10 -1  #SUP: 3
13 -1 3 -1 13 -1 12 -1  #SUP: 3
6 -1 17 -1 9 -1  #SUP: 3
12 -1 6 -1 12 -1 5 -1  #SUP: 3
6 -1 17 -1 15 -1  #SUP: 3
12 -1 15 -1 19 -1 6 -1  #SUP: 3
6 -1 6 -1 17 -1 5 -1  #SUP: 3
17 -1 17 -1 6 -1 6 -1 17 -1  #SUP: 3
19 -1 4 -1 4 -1  #SUP: 3
3 -1 15 -1 13 -1  #SUP: 3
12 -1 6 -1 3 -1 6 -1 16 -1  #SUP: 3
3 -1 17 -1 13 -1 16 -1  #SUP: 3
3 -1 13 -1 17 -1 6 -1 16 -1  #SUP: 3
6 -1 17 -1 15 -1 17 -1  #SUP: 3
13 -1 19 -1 4 -1 13 -1  #SUP: 3
13 -1 19 -1 4 -1 19 -1  #SUP: 3
18 -1 15 -1 17 -1  #SUP: 3
12 -1 6 -1 3 -1 17 -1 16 -1  #SUP: 3
6 -1 3 -1 13 -1 12 -1  #SUP: 3
6 -1 3 -1 6 -1 10 -1 6 -1  #SUP: 3
6 -1 3 -1 10 -1 6 -1 6 -1  #SUP: 3
16 -1 6 -1 16 -1  #SUP: 3
3 -1 6 -1 10 -1 6 -1 6 -1  #SUP: 3
15 -1 19 -1 4 -1 19 -1 13 -1  #SUP: 3
13 -1 15 -1 17 -1 15 -1  #SUP: 3
13 -1 13 -1 12 -1  #SUP: 4
15 -1 19 -1 15 -1 6 -1  #SUP: 4
12 -1 6 -1 13 -1 12 -1  #SUP: 3
11 -1 6 -1 6 -1  #SUP: 3
17 -1 6 -1 6 -1 13 -1  #SUP: 3
17 -1 6 -1 17 -1 13 -1 6 -1  #SUP: 3
15 -1 17 -1 15 -1 6 -1  #SUP: 3
13 -1 6 -1 16 -1  #SUP: 4
17 -1 13 -1 3 -1  #SUP: 3
14 -1 13 -1 6 -1  #SUP: 4
3 -1 17 -1 16 -1  #SUP: 5
13 -1 15 -1 17 -1  #SUP: 3
12 -1 6 -1 20 -1  #SUP: 3
17 -1 13 -1 9 -1  #SUP: 3
17 -1 6 -1 17 -1 13 -1 17 -1  #SUP: 3
12 -1 15 -1 15 -1 19 -1  #SUP: 3
17 -1 13 -1 6 -1 17 -1  #SUP: 4
15 -1 15 -1 9 -1  #SUP: 4
14 -1 6 -1 6 -1 6 -1  #SUP: 3
15 -1 15 -1 14 -1  #SUP: 4
6 -1 14 -1 6 -1 6 -1  #SUP: 3
6 -1 15 -1 13 -1  #SUP: 4
17 -1 6 -1 17 -1 6 -1 6 -1  #SUP: 4
12 -1 9 -1 3 -1  #SUP: 3
6 -1 13 -1 6 -1 6 -1  #SUP: 3
12 -1 6 -1 15 -1 6 -1  #SUP: 3
9 -1 17 -1 13 -1  #SUP: 3
5 -1 6 -1 6 -1  #SUP: 3
17 -1 3 -1 17 -1  #SUP: 3
3 -1 6 -1 3 -1  #SUP: 4
17 -1 17 -1 6 -1 17 -1  #SUP: 4
14 -1 6 -1 6 -1 13 -1  #SUP: 3
13 -1 13 -1 6 -1 17 -1  #SUP: 3
3 -1 6 -1 14 -1  #SUP: 3
17 -1 19 -1 6 -1  #SUP: 3
17 -1 6 -1 6 -1 12 -1  #SUP: 3
15 -1 6 -1 13 -1  #SUP: 4
12 -1 13 -1 15 -1  #SUP: 3
12 -1 14 -1 14 -1  #SUP: 3
6 -1 13 -1 2 -1  #SUP: 4
12 -1 3 -1 13 -1 16 -1  #SUP: 3
13 -1 6 -1 13 -1 17 -1  #SUP: 3
12 -1 6 -1 6 -1 3 -1  #SUP: 3
14 -1 17 -1 17 -1  #SUP: 4
12 -1 13 -1 17 -1  #SUP: 4
12 -1 6 -1 6 -1 9 -1  #SUP: 3
17 -1 14 -1 16 -1  #SUP: 4
12 -1 6 -1 6 -1 13 -1  #SUP: 4
6 -1 6 -1 10 -1 6 -1  #SUP: 4
17 -1 15 -1 15 -1 9 -1  #SUP: 3
12 -1 6 -1 12 -1 6 -1 6 -1  #SUP: 3
12 -1 13 -1 6 -1 3 -1  #SUP: 3
17 -1 9 -1 17 -1  #SUP: 3
19 -1 19 -1 9 -1  #SUP: 3
17 -1 15 -1 6 -1 17 -1  #SUP: 4
12 -1 6 -1 13 -1 6 -1 13 -1  #SUP: 4
6 -1 6 -1 6 -1 13 -1  #SUP: 3
6 -1 6 -1 17 -1 12 -1  #SUP: 3
13 -1 15 -1 19 -1 13 -1  #SUP: 3
2 -1 6 -1 5 -1  #SUP: 3
6 -1 6 -1 6 -1 17 -1 6 -1  #SUP: 3
3 -1 14 -1 6 -1  #SUP: 3
15 -1 4 -1 13 -1  #SUP: 3
13 -1 15 -1 19 -1 19 -1  #SUP: 3
12 -1 6 -1 8 -1  #SUP: 3
12 -1 3 -1 16 -1  #SUP: 4
17 -1 1 -1 17 -1 6 -1  #SUP: 3
3 -1 13 -1 6 -1 16 -1  #SUP: 3
12 -1 3 -1 17 -1 16 -1  #SUP: 4
15 -1 15 -1 15 -1 9 -1  #SUP: 3
15 -1 17 -1 5 -1  #SUP: 3
12 -1 3 -1 13 -1 13 -1  #SUP: 3
17 -1 9 -1 16 -1  #SUP: 3
13 -1 6 -1 17 -1 16 -1  #SUP: 3
12 -1 15 -1 6 -1  #SUP: 4
19 -1 6 -1 6 -1  #SUP: 3
12 -1 3 -1 6 -1 16 -1  #SUP: 3
19 -1 6 -1 13 -1  #SUP: 3
19 -1 6 -1 17 -1  #SUP: 3
6 -1 3 -1 6 -1 17 -1  #SUP: 3
13 -1 19 -1 4 -1  #SUP: 3
13 -1 17 -1 10 -1  #SUP: 3
15 -1 17 -1 9 -1  #SUP: 3
6 -1 13 -1 15 -1 6 -1  #SUP: 3
11 -1 13 -1 3 -1  #SUP: 4
3 -1 17 -1 6 -1  #SUP: 4
6 -1 12 -1 5 -1  #SUP: 4
4 -1 4 -1 4 -1  #SUP: 3
6 -1 10 -1 6 -1  #SUP: 4
17 -1 15 -1 9 -1  #SUP: 4
6 -1 12 -1 17 -1  #SUP: 3
12 -1 14 -1 3 -1  #SUP: 3
6 -1 17 -1 3 -1  #SUP: 3
12 -1 14 -1 17 -1  #SUP: 3
6 -1 17 -1 5 -1  #SUP: 4
12 -1 6 -1 17 -1 5 -1  #SUP: 3
11 -1 3 -1 13 -1  #SUP: 3
4 -1 4 -1 13 -1  #SUP: 4
14 -1 3 -1 6 -1  #SUP: 3
17 -1 6 -1 9 -1  #SUP: 4
17 -1 18 -1 6 -1 6 -1  #SUP: 3
6 -1 6 -1 20 -1  #SUP: 4
15 -1 19 -1 15 -1 19 -1 6 -1  #SUP: 4
3 -1 6 -1 6 -1 17 -1  #SUP: 4
1 -1 13 -1 6 -1  #SUP: 3
3 -1 13 -1 14 -1  #SUP: 3
3 -1 13 -1 16 -1  #SUP: 4
14 -1 15 -1 14 -1  #SUP: 3
6 -1 6 -1 6 -1 6 -1 6 -1 6 -1  #SUP: 3
14 -1 13 -1 6 -1 17 -1  #SUP: 3
14 -1 17 -1 6 -1 13 -1  #SUP: 3
1 -1 12 -1 6 -1  #SUP: 3
6 -1 17 -1 9 -1 6 -1  #SUP: 3
3 -1 13 -1 17 -1 16 -1  #SUP: 3
17 -1 17 -1 13 -1 17 -1  #SUP: 3
12 -1 11 -1 6 -1  #SUP: 3
17 -1 18 -1 6 -1 17 -1 6 -1  #SUP: 3
3 -1 6 -1 6 -1 17 -1 16 -1  #SUP: 3
17 -1 6 -1 13 -1 6 -1  #SUP: 3
17 -1 6 -1 17 -1 13 -1 6 -1 17 -1  #SUP: 3
19 -1 4 -1 19 -1 13 -1  #SUP: 3
12 -1 15 -1 13 -1  #SUP: 3
13 -1 19 -1 4 -1 19 -1 13 -1  #SUP: 3
13 -1 15 -1 4 -1 13 -1  #SUP: 3
11 -1 3 -1 6 -1 13 -1  #SUP: 3
12 -1 6 -1 17 -1 6 -1 16 -1  #SUP: 3
12 -1 15 -1 14 -1 17 -1  #SUP: 3
13 -1 15 -1 19 -1 19 -1 13 -1  #SUP: 3
19 -1 4 -1 4 -1 13 -1  #SUP: 3
12 -1 17 -1 15 -1 9 -1  #SUP: 3
6 -1 6 -1 19 -1 6 -1  #SUP: 3
6 -1 17 -1 15 -1 6 -1 17 -1  #SUP: 3
17 -1 17 -1 13 -1 6 -1 17 -1  #SUP: 3
12 -1 15 -1 15 -1 15 -1 9 -1  #SUP: 3
12 -1 12 -1 6 -1 6 -1  #SUP: 3
1 -1 6 -1 17 -1 17 -1  #SUP: 3
1 -1 6 -1 17 -1 6 -1 17 -1  #SUP: 3
15 -1 18 -1 15 -1  #SUP: 3
17 -1 12 -1 9 -1  #SUP: 3
13 -1 6 -1 11 -1  #SUP: 3
17 -1 6 -1 13 -1 6 -1 17 -1  #SUP: 3
19 -1 15 -1 19 -1 15 -1  #SUP: 4
12 -1 17 -1 16 -1  #SUP: 5
13 -1 13 -1 13 -1  #SUP: 4
17 -1 1 -1 6 -1  #SUP: 4
13 -1 6 -1 13 -1  #SUP: 15
12 -1 17 -1 19 -1  #SUP: 4
11 -1 6 -1 3 -1  #SUP: 6
13 -1 13 -1 15 -1  #SUP: 4
6 -1 13 -1 17 -1  #SUP: 7
6 -1 3 -1 6 -1 6 -1 6 -1  #SUP: 3
13 -1 13 -1 17 -1  #SUP: 4
12 -1 12 -1 17 -1  #SUP: 3
12 -1 6 -1 2 -1  #SUP: 4
11 -1 6 -1 13 -1  #SUP: 6
12 -1 12 -1 9 -1  #SUP: 4
12 -1 14 -1 13 -1  #SUP: 3
12 -1 13 -1 6 -1 13 -1  #SUP: 5
6 -1 17 -1 6 -1 16 -1  #SUP: 5
1 -1 6 -1 6 -1  #SUP: 5
13 -1 3 -1 3 -1  #SUP: 4
13 -1 6 -1 17 -1  #SUP: 7
13 -1 3 -1 6 -1  #SUP: 7
15 -1 19 -1 13 -1  #SUP: 5
13 -1 15 -1 19 -1  #SUP: 6
17 -1 13 -1 6 -1  #SUP: 6
12 -1 6 -1 13 -1 6 -1  #SUP: 5
13 -1 3 -1 13 -1  #SUP: 6
12 -1 6 -1 13 -1 13 -1  #SUP: 4
17 -1 1 -1 17 -1  #SUP: 4
3 -1 6 -1 6 -1 13 -1  #SUP: 3
20 -1 6 -1 13 -1  #SUP: 5
6 -1 11 -1 6 -1  #SUP: 4
12 -1 15 -1 15 -1  #SUP: 5
15 -1 19 -1 15 -1 19 -1  #SUP: 4
12 -1 3 -1 6 -1 6 -1  #SUP: 4
15 -1 15 -1 6 -1  #SUP: 6
12 -1 6 -1 5 -1  #SUP: 11
17 -1 15 -1 6 -1  #SUP: 5
17 -1 13 -1 13 -1  #SUP: 4
17 -1 6 -1 6 -1 17 -1  #SUP: 5
9 -1 15 -1 15 -1  #SUP: 4
15 -1 15 -1 15 -1  #SUP: 6
17 -1 13 -1 16 -1  #SUP: 4
6 -1 3 -1 6 -1 6 -1  #SUP: 6
12 -1 13 -1 3 -1  #SUP: 5
15 -1 15 -1 19 -1  #SUP: 5
15 -1 19 -1 19 -1 6 -1  #SUP: 5
13 -1 6 -1 3 -1  #SUP: 7
17 -1 6 -1 17 -1 6 -1 17 -1  #SUP: 4
19 -1 19 -1 6 -1  #SUP: 6
12 -1 9 -1 6 -1  #SUP: 4
12 -1 18 -1 15 -1  #SUP: 4
12 -1 13 -1 6 -1  #SUP: 7
12 -1 15 -1 17 -1 19 -1  #SUP: 4
15 -1 19 -1 15 -1  #SUP: 7
6 -1 11 -1 13 -1  #SUP: 3
6 -1 5 -1 6 -1  #SUP: 4
14 -1 6 -1 17 -1  #SUP: 4
12 -1 13 -1 9 -1  #SUP: 3
13 -1 17 -1 13 -1  #SUP: 4
6 -1 6 -1 3 -1  #SUP: 4
6 -1 13 -1 12 -1  #SUP: 5
12 -1 6 -1 17 -1 6 -1 6 -1  #SUP: 4
3 -1 6 -1 6 -1  #SUP: 9
3 -1 6 -1 9 -1  #SUP: 5
3 -1 6 -1 10 -1  #SUP: 4
6 -1 1 -1 5 -1  #SUP: 3
3 -1 6 -1 6 -1 16 -1  #SUP: 4
12 -1 6 -1 12 -1  #SUP: 9
3 -1 6 -1 13 -1  #SUP: 7
12 -1 13 -1 12 -1  #SUP: 4
3 -1 6 -1 16 -1  #SUP: 4
12 -1 13 -1 13 -1  #SUP: 6
3 -1 6 -1 17 -1  #SUP: 4
12 -1 19 -1 6 -1  #SUP: 4
3 -1 17 -1 6 -1 16 -1  #SUP: 4
6 -1 6 -1 5 -1  #SUP: 4
19 -1 4 -1 13 -1  #SUP: 4
9 -1 6 -1 3 -1  #SUP: 5
6 -1 17 -1 6 -1 6 -1 17 -1  #SUP: 4
13 -1 6 -1 13 -1 12 -1  #SUP: 4
14 -1 6 -1 6 -1  #SUP: 5
12 -1 17 -1 6 -1 16 -1  #SUP: 3
12 -1 15 -1 17 -1  #SUP: 6
6 -1 6 -1 6 -1  #SUP: 14
3 -1 6 -1 13 -1 6 -1  #SUP: 4
12 -1 13 -1 16 -1  #SUP: 4
6 -1 17 -1 6 -1 12 -1  #SUP: 4
9 -1 6 -1 9 -1  #SUP: 4
12 -1 12 -1 6 -1  #SUP: 5
12 -1 6 -1 6 -1 6 -1  #SUP: 7
1 -1 6 -1 12 -1  #SUP: 4
6 -1 13 -1 3 -1  #SUP: 6
3 -1 17 -1 13 -1  #SUP: 3
6 -1 17 -1 6 -1 17 -1  #SUP: 6
5 -1 6 -1 13 -1  #SUP: 4
9 -1 6 -1 13 -1  #SUP: 4
1 -1 6 -1 13 -1  #SUP: 5
15 -1 17 -1 19 -1  #SUP: 4
12 -1 6 -1 6 -1 17 -1  #SUP: 4
12 -1 6 -1 6 -1  #SUP: 14
9 -1 6 -1 15 -1  #SUP: 3
9 -1 6 -1 16 -1  #SUP: 3
6 -1 13 -1 6 -1 13 -1  #SUP: 6
15 -1 15 -1 19 -1 6 -1  #SUP: 4
14 -1 15 -1 15 -1  #SUP: 3
17 -1 6 -1 17 -1 6 -1  #SUP: 6
13 -1 4 -1 13 -1  #SUP: 3
6 -1 6 -1 9 -1  #SUP: 4
6 -1 6 -1 6 -1 6 -1  #SUP: 6
14 -1 17 -1 6 -1  #SUP: 4
6 -1 6 -1 6 -1 9 -1  #SUP: 4
6 -1 6 -1 6 -1 10 -1  #SUP: 4
12 -1 15 -1 17 -1 15 -1  #SUP: 4
13 -1 15 -1 6 -1  #SUP: 5
17 -1 18 -1 6 -1  #SUP: 4
6 -1 3 -1 6 -1  #SUP: 8
12 -1 6 -1 3 -1 13 -1  #SUP: 4
12 -1 3 -1 6 -1  #SUP: 4
6 -1 6 -1 6 -1 17 -1  #SUP: 5
6 -1 6 -1 10 -1  #SUP: 5
19 -1 15 -1 15 -1  #SUP: 4
6 -1 19 -1 6 -1  #SUP: 6
11 -1 13 -1 6 -1  #SUP: 5
6 -1 3 -1 10 -1  #SUP: 3
4 -1 19 -1 13 -1  #SUP: 4
6 -1 15 -1 6 -1 17 -1  #SUP: 3
13 -1 17 -1 6 -1  #SUP: 5
12 -1 3 -1 13 -1  #SUP: 6
15 -1 19 -1 6 -1  #SUP: 9
10 -1 6 -1 13 -1  #SUP: 3
6 -1 6 -1 13 -1 6 -1  #SUP: 4
6 -1 13 -1 6 -1  #SUP: 12
12 -1 6 -1 12 -1 6 -1  #SUP: 5
6 -1 6 -1 12 -1  #SUP: 4
17 -1 6 -1 17 -1  #SUP: 10
6 -1 3 -1 13 -1  #SUP: 6
4 -1 6 -1 13 -1  #SUP: 4
12 -1 3 -1 17 -1  #SUP: 4
6 -1 13 -1 6 -1 17 -1  #SUP: 6
6 -1 6 -1 13 -1  #SUP: 13
15 -1 17 -1 16 -1  #SUP: 3
18 -1 15 -1 19 -1  #SUP: 4
14 -1 17 -1 6 -1 17 -1  #SUP: 4
13 -1 17 -1 6 -1 13 -1  #SUP: 3
17 -1 6 -1 17 -1 13 -1  #SUP: 4
6 -1 13 -1 17 -1 6 -1  #SUP: 3
4 -1 13 -1 6 -1  #SUP: 3
12 -1 6 -1 13 -1  #SUP: 12
17 -1 6 -1 17 -1 17 -1  #SUP: 4
3 -1 13 -1 6 -1 17 -1  #SUP: 4
17 -1 15 -1 19 -1  #SUP: 4
6 -1 3 -1 17 -1  #SUP: 4
19 -1 6 -1 9 -1  #SUP: 4
12 -1 6 -1 6 -1 6 -1 6 -1  #SUP: 4
15 -1 14 -1 16 -1  #SUP: 4
6 -1 6 -1 15 -1  #SUP: 4
13 -1 15 -1 15 -1  #SUP: 4
6 -1 9 -1 3 -1  #SUP: 3
17 -1 6 -1 6 -1 6 -1  #SUP: 4
13 -1 13 -1 15 -1 13 -1  #SUP: 3
13 -1 15 -1 19 -1 6 -1  #SUP: 4
6 -1 9 -1 6 -1  #SUP: 5
19 -1 15 -1 19 -1 6 -1  #SUP: 4
12 -1 6 -1 3 -1  #SUP: 12
6 -1 17 -1 6 -1 13 -1  #SUP: 4
5 -1 6 -1 5 -1  #SUP: 4
13 -1 6 -1 17 -1 13 -1  #SUP: 3
6 -1 6 -1 16 -1  #SUP: 6
17 -1 15 -1 17 -1  #SUP: 6
6 -1 14 -1 6 -1  #SUP: 5
13 -1 19 -1 13 -1  #SUP: 5
6 -1 6 -1 17 -1  #SUP: 9
14 -1 6 -1 13 -1  #SUP: 5
12 -1 17 -1 6 -1 6 -1  #SUP: 4
6 -1 12 -1 6 -1  #SUP: 7
18 -1 15 -1 15 -1  #SUP: 3
13 -1 3 -1 6 -1 13 -1  #SUP: 4
13 -1 6 -1 2 -1  #SUP: 4
6 -1 1 -1 6 -1  #SUP: 4
6 -1 13 -1 10 -1  #SUP: 6
19 -1 15 -1 19 -1  #SUP: 5
12 -1 6 -1 3 -1 12 -1  #SUP: 3
15 -1 19 -1 5 -1  #SUP: 3
17 -1 6 -1 6 -1  #SUP: 8
13 -1 19 -1 6 -1  #SUP: 4
6 -1 6 -1 17 -1 6 -1  #SUP: 4
17 -1 6 -1 16 -1  #SUP: 6
12 -1 6 -1 15 -1  #SUP: 4
6 -1 6 -1 6 -1 6 -1 6 -1  #SUP: 4
17 -1 17 -1 6 -1  #SUP: 6
12 -1 15 -1 19 -1  #SUP: 6
6 -1 17 -1 6 -1  #SUP: 11
6 -1 6 -1 6 -1 6 -1 9 -1  #SUP: 4
13 -1 6 -1 3 -1 6 -1  #SUP: 3
15 -1 15 -1 15 -1 19 -1  #SUP: 3
12 -1 6 -1 16 -1  #SUP: 5
17 -1 17 -1 13 -1  #SUP: 4
6 -1 15 -1 6 -1  #SUP: 5
17 -1 17 -1 16 -1  #SUP: 4
17 -1 17 -1 17 -1  #SUP: 4
12 -1 15 -1 15 -1 15 -1  #SUP: 4
6 -1 17 -1 12 -1  #SUP: 4
13 -1 15 -1 13 -1  #SUP: 5
6 -1 17 -1 13 -1  #SUP: 5
3 -1 13 -1 3 -1  #SUP: 4
3 -1 13 -1 6 -1  #SUP: 6
17 -1 6 -1 11 -1  #SUP: 4
6 -1 17 -1 16 -1  #SUP: 5
17 -1 6 -1 12 -1  #SUP: 4
6 -1 17 -1 17 -1  #SUP: 6
3 -1 13 -1 12 -1  #SUP: 4
17 -1 6 -1 13 -1  #SUP: 9
17 -1 14 -1 13 -1  #SUP: 3
17 -1 6 -1 13 -1 17 -1  #SUP: 4
3 -1 13 -1 17 -1  #SUP: 4
17 -1 15 -1 15 -1  #SUP: 6
17 -1 6 -1 17 -1 6 -1 6 -1 17 -1  #SUP: 3
12 -1 17 -1 15 -1 6 -1  #SUP: 3
17 -1 4 -1 13 -1  #SUP: 3
3 -1 13 -1 6 -1 17 -1 16 -1  #SUP: 3
12 -1 15 -1 17 -1 15 -1 6 -1  #SUP: 3
12 -1 15 -1 17 -1 15 -1 9 -1  #SUP: 3
12 -1 15 -1 17 -1 15 -1 19 -1  #SUP: 3
12 -1 3 -1 17 -1 13 -1  #SUP: 3
13 -1 19 -1 19 -1 13 -1  #SUP: 3
17 -1 15 -1 19 -1 15 -1  #SUP: 3
13 -1 15 -1 19 -1 4 -1 13 -1  #SUP: 3
6 -1 14 -1 3 -1 6 -1  #SUP: 3
13 -1 15 -1 19 -1 4 -1 19 -1  #SUP: 3
15 -1 19 -1 12 -1  #SUP: 3
12 -1 6 -1 3 -1 6 -1 6 -1  #SUP: 3
17 -1 17 -1 13 -1 6 -1  #SUP: 3
17 -1 18 -1 17 -1 6 -1  #SUP: 3
12 -1 6 -1 9 -1  #SUP: 10
13 -1 4 -1 19 -1 13 -1  #SUP: 3
3 -1 6 -1 17 -1 6 -1  #SUP: 3
6 -1 6 -1 6 -1 17 -1 6 -1 6 -1  #SUP: 3
6 -1 15 -1 19 -1 6 -1  #SUP: 4
6 -1 17 -1 15 -1 6 -1  #SUP: 3
14 -1 17 -1 13 -1  #SUP: 4
13 -1 6 -1 3 -1 13 -1  #SUP: 3
15 -1 19 -1 19 -1  #SUP: 6
15 -1 4 -1 19 -1 13 -1  #SUP: 3
13 -1 6 -1 6 -1  #SUP: 6
4 -1 4 -1 6 -1  #SUP: 3
6 -1 17 -1 6 -1 6 -1  #SUP: 6
12 -1 6 -1 19 -1 6 -1  #SUP: 3
6 -1 3 -1 6 -1 13 -1  #SUP: 4
12 -1 6 -1 9 -1 6 -1  #SUP: 4
12 -1 6 -1 3 -1 6 -1  #SUP: 4
3 -1 10 -1 6 -1 6 -1  #SUP: 3
6 -1 13 -1 13 -1  #SUP: 6
14 -1 13 -1 13 -1  #SUP: 4
19 -1 19 -1 15 -1  #SUP: 4
13 -1 15 -1 19 -1 4 -1 19 -1 13 -1  #SUP: 3
13 -1 13 -1 3 -1  #SUP: 5
15 -1 15 -1 19 -1 15 -1  #SUP: 3
6 -1 13 -1 6 -1 17 -1 16 -1  #SUP: 3
15 -1 19 -1 4 -1 13 -1  #SUP: 3
12 -1 6 -1 17 -1  #SUP: 7
15 -1 6 -1 17 -1  #SUP: 4
15 -1 17 -1 15 -1  #SUP: 5
12 -1 3 -1 17 -1 6 -1 16 -1  #SUP: 3
6 -1 13 -1 16 -1  #SUP: 4
17 -1 17 -1 6 -1 6 -1  #SUP: 4
12 -1 6 -1 17 -1 6 -1  #SUP: 5
6 -1 3 -1 6 -1 10 -1 6 -1 6 -1  #SUP: 3
13 -1 13 -1 6 -1  #SUP: 6
12 -1 17 -1 5 -1  #SUP: 5
12 -1 17 -1 6 -1  #SUP: 6
1 -1 6 -1 17 -1 6 -1  #SUP: 3
13 -1 6 -1 10 -1  #SUP: 5
12 -1 17 -1 9 -1  #SUP: 4
3 -1 6 -1 6 -1 6 -1  #SUP: 6
9 -1 17 -1 15 -1 15 -1  #SUP: 3
6 -1 13 -1 15 -1  #SUP: 5
6 -1 3 -1 6 -1 16 -1  #SUP: 3
6 -1 14 -1 3 -1  #SUP: 4
1 -1 17 -1 6 -1 17 -1  #SUP: 3
12 -1 17 -1 13 -1  #SUP: 4
12 -1 6 -1 17 -1 9 -1 6 -1  #SUP: 3
19 -1 15 -1 6 -1  #SUP: 4
3 -1 6 -1 17 -1 6 -1 16 -1  #SUP: 3
13 -1 6 -1 12 -1  #SUP: 4
12 -1 17 -1 15 -1  #SUP: 4
