331,117,311,302,331,500
302,106,302,331,500
313,117,311,500
305,119,305,500
313,117,344,500
305,106,345,117,330,500
311,310,331,500
333,106,333,305,117,302,328,117,333,500
328,117,309,328,117,333,500
311,333,119,327,500
312,117,333,500
302,106,331,500
328,117,301,305,333,500
302,329,305,500
311,309,333,500
310,117,327,120,301,302,306,500
311,117,311,331,500
313,112,308,120,344,500
311,331,500
344,109,326,333,500
307,333,119,330,500
305,331,500
331,112,311,302,305,500
112,333,500
302,306,302,343,119,302,305,500
308,314,311,331,117,302,305,500
333,112,333,500
331,106,306,500
311,112,311,500
308,305,302,305,117,302,306,500
312,307,305,307,305,119,311,302,310,304,305,117,307,311,500
311,117,331,500
311,117,331,500
328,112,307,119,311,500
328,331,120,327,309,328,308,331,500
331,117,311,331,500
311,302,306,117,305,500
313,308,331,301,120,301,120,331,305,311,331,500
328,333,500
310,301,331,117,301,500
311,333,500
308,313,117,333,500
302,119,333,500
308,117,333,500
308,106,309,500
314,106,313,308,500
311,305,117,325,117,323,500
311,112,331,117,310,117,329,345,500
344,103,310,307,117,308,302,310,302,117,311,331,118,302,117,331,117,302,331,500
308,328,117,313,500
311,117,331,500
305,120,302,305,500
312,109,305,500
311,117,307,117,331,500
311,112,311,500
311,112,328,309,328,500
309,119,327,119,327,333,500
311,331,500
311,333,500
311,302,500
345,117,327,117,301,343,500
311,115,311,117,307,311,301,305,500
305,112,311,117,331,500
311,117,331,500
312,112,312,500
313,331,117,331,500
312,112,311,500
311,112,311,500
308,311,117,301,120,329,120,329,311,500
313,117,309,331,500
311,117,312,117,343,500
328,117,331,500
311,331,331,500
331,112,311,500
313,112,311,301,500
313,117,344,500
301,309,117,343,500
311,331,500
305,301,311,331,500
331,112,309,331,500
301,306,117,343,117,307,302,343,500
305,306,328,331,117,307,500
326,329,302,328,500
311,117,301,324,500
311,117,302,117,302,309,302,119,303,117,309,303,117,305,117,301,305,500
333,106,313,500
313,120,311,500
308,313,333,119,333,500
307,117,328,117,328,117,500
332,112,301,329,344,117,308,310,305,500
307,117,313,117,331,500
308,305,500
329,302,500
311,117,308,305,500
309,117,302,311,302,305,500
311,305,500
345,120,310,117,333,500
328,306,307,333,117,327,302,305,500
326,302,117,306,500
117,331,500
331,112,311,500
311,117,301,117,308,120,313,500
313,106,333,117,313,500
312,305,500
308,106,313,500
330,112,311,331,500
331,106,307,325,306,332,500
329,112,311,117,305,500
314,106,117,332,312,331,500
311,117,331,500
311,112,310,117,328,329,328,500
311,301,305,117,331,500
311,117,325,117,331,500
311,331,500
313,343,500
333,112,311,302,333,500
311,117,328,500
331,112,331,500
311,112,301,305,117,310,333,302,305,500
311,114,311,333,500
327,119,308,500
326,311,117,301,500
311,331,500
308,333,500
311,117,305,500
313,308,305,500
112,106,500
313,305,119,328,333,500
313,106,311,117,308,500
308,331,500
308,331,500
311,117,308,117,302,117,309,331,500
309,301,329,301,119,301,500
311,112,310,333,500
311,117,331,500
302,306,302,117,310,117,306,117,329,306,117,310,117,302,310,305,117,500
313,119,312,301,313,500
308,112,311,117,331,500
311,301,500
305,117,328,500
308,310,306,311,305,500
313,106,313,117,302,306,500
313,302,306,305,120,302,306,302,305,308,500
311,309,333,117,308,500
311,333,500
311,117,331,500
313,117,308,305,500
302,306,307,117,325,331,500
333,117,331,500
328,117,308,117,331,500
331,112,308,331,500
305,120,330,500
325,109,312,307,329,328,119,307,117,311,307,301,308,328,302,328,305,101,312,310,117,343,500
301,117,343,500
311,117,312,117,332,117,331,500
329,106,313,500
309,311,117,301,306,301,500
308,333,500
311,117,308,333,117,311,331,500
311,331,500
331,112,331,500
328,331,120,311,331,309,307,345,120,329,120,305,313,333,500
311,305,500
313,117,302,301,500
115,325,117,305,311,500
309,117,333,500
330,106,308,500
311,117,331,500
307,328,117,331,500
311,302,308,310,306,120,331,117,302,117,308,331,117,331,500
313,106,323,500
309,343,500
314,114,313,500
331,112,311,500
331,112,311,331,500
308,117,500
305,343,500
311,301,306,117,305,500
302,305,500
311,302,500
311,117,331,500
313,117,331,311,117,333,500
333,106,500
311,117,302,500
311,114,311,117,305,117,331,500
313,331,500
313,120,331,117,313,117,331,500
311,331,500
330,109,327,500
305,117,328,305,500
311,117,331,500
331,112,309,500
313,333,500
305,302,500
328,308,305,308,500
307,117,331,120,332,500
311,331,500
304,305,500
313,331,500
325,331,500
329,345,117,305,117,308,302,500
313,117,333,500
329,109,306,333,500
112,331,500
308,328,117,331,500
313,331,500
332,119,302,119,302,119,331,119,331,500
311,301,305,500
345,117,327,301,306,117,301,306,117,301,117,305,500
328,308,328,333,500
308,311,302,305,500
331,112,302,500
313,106,308,500
301,117,327,343,101,327,117,305,500
311,117,331,500
325,117,117,331,500
331,112,331,500
331,112,331,500
325,106,325,302,306,302,305,500
307,328,117,331,117,308,305,500
311,116,325,311,119,328,500
308,311,331,308,323,331,500
331,106,308,500
311,106,313,311,500
331,120,311,331,500
313,106,311,117,333,500
305,331,500
301,305,117,301,333,500
310,307,302,117,305,500
311,117,302,119,305,119,311,305,500
301,305,301,306,117,343,500
333,106,313,500
302,117,302,331,119,302,117,302,306,500
345,117,311,117,302,117,311,500
311,112,331,500
311,117,331,500
305,112,330,500
308,331,500
343,112,331,500
311,302,305,117,311,308,328,333,500
310,112,312,307,333,500
311,331,500
311,313,333,500
310,308,301,331,500
313,331,500
301,117,301,119,117,301,119,301,117,310,117,331,500
311,308,333,120,312,306,117,305,333,500
312,119,312,117,332,119,311,117,331,500
326,112,305,117,330,500
345,117,327,309,343,500
311,331,500
331,117,313,333,500
313,117,310,117,305,500
308,112,331,119,331,117,310,345,117,302,305,500
309,301,305,309,306,117,301,344,500
330,103,311,306,333,500
333,112,311,500
313,331,500
313,106,313,117,331,500
311,106,313,500
333,106,311,117,333,500
311,112,311,500
311,305,500
311,117,311,331,500
313,117,326,313,500
311,117,308,500
328,333,117,309,305,333,500
330,117,345,117,330,500
343,106,313,331,500
331,112,500
331,112,311,333,120,333,119,331,500
311,305,120,305,101,305,117,333,500
307,117,307,117,302,500
313,308,500
331,305,331,305,500
313,106,313,330,333,500
325,308,305,101,305,312,305,117,309,325,311,117,333,500
330,344,500
308,310,306,101,308,331,500
311,331,500
313,331,500
309,326,301,117,345,324,326,333,500
333,106,333,500
311,306,305,500
311,106,309,120,305,500
311,112,308,302,305,117,302,117,305,117,328,117,305,500
306,112,331,500
302,305,302,119,311,306,117,119,331,500
313,117,333,500
313,308,331,117,302,331,117,302,305,117,301,305,500
302,305,500
333,106,500
330,112,331,500
309,333,500
311,117,333,500
311,301,305,500
313,112,328,302,311,117,305,500
310,117,305,500
301,305,332,120,305,301,343,117,343,500
311,112,311,117,328,117,324,500
313,106,313,120,302,117,305,302,500
311,302,323,119,311,500
312,112,311,328,326,302,117,302,305,500
313,117,302,117,305,302,306,500
305,112,311,120,345,120,327,120,328,120,327,120,330,500
331,112,311,306,500
311,302,328,500
328,305,500
311,112,305,500
311,117,302,117,305,302,117,306,500
310,106,313,120,327,500
311,112,311,117,311,500
313,120,308,305,500
301,310,500
311,331,302,500
302,331,119,302,117,306,117,313,333,500
307,309,310,305,500
308,117,333,500
313,117,331,500
329,302,301,305,302,119,305,119,305,302,117,301,117,301,306,500
312,331,120,331,117,307,302,306,500
328,117,311,117,302,305,500
311,331,500
305,112,328,331,117,329,308,305,500
306,117,333,500
313,308,305,331,301,500
305,328,117,331,500
344,333,500
306,117,333,120,329,313,117,344,500
331,112,500
308,306,117,301,323,301,323,305,343,500
305,117,500
302,119,302,331,119,307,331,301,117,328,333,500
343,112,500
311,331,500
328,119,308,310,500
313,117,328,333,500
331,331,500
328,310,333,500
302,308,313,329,302,306,119,309,302,306,119,309,302,119,308,302,119,309,302,308,329,331,117,313,306,500
302,313,333,500
313,117,305,117,306,313,331,500
312,109,312,117,305,500
333,112,333,500
311,109,326,333,500
310,312,117,331,500
312,120,345,328,308,331,117,311,500
345,117,301,306,117,301,306,120,301,117,305,117,301,117,343,500
305,117,344,308,117,301,308,302,333,500
305,112,306,117,308,328,306,308,331,500
313,112,327,117,309,117,331,500
304,106,310,500
311,112,331,311,331,500
311,106,308,117,333,500
311,331,117,325,331,117,331,500
301,305,119,330,500
311,330,302,306,117,305,324,305,331,500
311,117,326,331,500
311,117,301,117,301,305,500
311,306,500
328,305,120,305,500
305,115,313,117,305,500
331,119,302,324,120,307,329,302,120,302,120,302,310,302,119,302,119,329,120,308,302,306,120,302,120,311,302,306,120,305,500
313,308,117,313,311,500
310,306,500
309,311,331,119,311,500
327,120,311,500
311,331,500
311,308,500
311,301,324,301,331,500
307,302,117,307,311,302,500
311,117,331,500
301,345,117,301,343,101,312,500
313,308,333,117,308,305,500
331,344,333,500
311,117,331,500
328,301,305,500
313,310,302,301,305,500
301,117,306,117,327,117,301,117,330,305,117,301,117,343,500
311,109,328,117,333,500
311,303,302,305,500
311,333,500
305,302,305,500
309,328,331,500
330,119,308,302,305,500
329,311,308,331,117,327,311,308,333,120,345,120,302,500
313,106,313,333,500
328,109,312,117,328,117,333,500
308,311,305,302,117,327,305,500
313,331,500
311,343,119,327,310,500
311,109,312,331,500
301,305,120,301,500
301,120,301,324,302,328,306,500
331,112,331,500
311,117,307,500
308,106,311,500
333,106,313,117,308,117,333,500
328,331,119,331,119,309,331,119,328,302,313,302,305,500
332,109,329,117,302,500
311,112,313,117,311,500
325,106,328,117,332,120,330,119,302,331,120,305,117,302,119,302,331,119,302,305,500
313,106,305,500
326,117,302,305,500
305,117,331,500
305,301,500
325,109,331,117,311,331,500
301,305,327,343,500
307,106,308,307,328,117,331,500
301,117,306,305,301,306,117,343,500
311,112,308,343,500
344,109,326,333,311,331,500
311,117,328,305,500
301,117,306,117,305,500
333,106,313,333,500
311,106,313,331,500
301,306,305,306,117,301,343,119,343,500
311,117,331,500
311,343,500
312,109,301,328,331,500
331,311,118,331,500
311,112,309,303,500
311,309,332,500
301,345,117,301,117,305,117,345,119,327,117,305,117,345,117,301,500
313,302,308,333,500
311,116,311,117,331,500
308,305,119,313,302,305,500
331,117,311,302,117,302,117,306,500
311,112,311,117,309,301,500
311,117,333,500
310,345,311,120,312,120,311,331,500
311,306,308,328,305,500
308,120,301,331,500
302,103,311,117,333,500
309,305,117,301,500
331,112,308,311,120,311,500
313,331,302,119,311,119,302,306,500
309,313,117,308,302,305,119,329,333,500
313,308,313,333,500
311,112,311,117,331,500
311,117,331,117,312,500
308,112,311,117,310,500
306,112,301,117,312,117,305,500
343,117,343,120,345,120,329,327,345,328,331,500
307,333,500
308,117,305,500
313,331,500
308,119,327,500
311,305,310,120,305,500
308,331,500
311,305,117,343,500
313,106,311,331,500
313,106,328,117,309,117,331,500
312,117,331,500
312,117,327,117,331,500
311,331,500
313,106,314,500
311,331,500
328,112,311,312,500
312,112,311,120,311,333,500
333,106,331,500
311,112,328,308,323,305,120,305,309,305,120,305,500
312,305,310,117,328,301,305,500
311,112,311,119,311,500
328,331,500
313,344,119,311,117,333,500
331,117,302,344,500
301,306,117,305,306,117,323,301,305,306,117,327,305,117,343,120,343,500
305,112,310,305,500
323,106,301,500
311,117,328,308,328,344,500
313,301,120,329,305,500
325,117,313,500
307,117,308,500
311,117,309,500
310,117,306,500
327,120,328,331,500
328,345,120,328,313,308,117,333,500
311,103,314,500
313,305,120,333,500
330,106,330,500
308,328,117,331,500
311,343,117,327,331,500
308,329,333,332,500
311,305,328,305,500
331,112,301,331,500
313,333,500
311,306,117,302,305,500
313,310,500
308,106,313,500
313,328,302,500
313,106,313,500
325,313,117,305,500
307,112,311,500
311,117,311,310,311,117,309,328,117,331,305,500
313,308,344,313,500
305,112,307,305,306,302,331,500
325,313,306,301,120,305,333,313,306,500
310,301,117,305,500
312,112,325,500
308,333,500
311,112,313,500
310,117,331,500
333,106,313,331,500
311,306,311,500
312,344,120,310,117,308,120,305,308,301,500
311,117,331,117,500
305,117,331,500
311,112,307,311,343,500
313,106,313,500
308,117,301,305,120,301,500
326,333,500
307,302,306,117,302,306,119,305,119,310,306,101,331,117,305,117,329,500
311,117,331,500
311,331,500
311,117,331,311,500
305,112,301,331,500
311,331,119,331,500
305,106,308,328,500
331,112,500
332,120,332,119,311,117,307,303,120,330,500
310,331,309,302,500
308,331,500
310,106,333,305,500
313,331,500
333,106,313,500
311,112,311,117,331,500
301,306,117,301,117,309,343,500
311,117,331,500
305,307,331,500
326,117,307,311,331,500
302,119,302,306,119,302,120,302,117,311,302,305,500
311,112,311,500
312,112,328,500
333,117,333,500
308,329,344,323,333,500
313,117,311,331,500
106,112,331,500
308,305,117,301,500
311,331,500
311,112,310,117,302,117,305,119,327,117,331,500
325,331,500
313,333,500
311,117,313,301,117,306,117,330,500
313,331,500
313,311,333,500
328,305,500
345,112,328,306,331,120,331,500
306,112,302,306,500
330,106,313,117,305,331,119,327,117,305,500
313,305,500
301,305,500
307,117,311,117,343,119,311,117,311,117,312,117,331,500
326,117,328,302,305,500
302,112,311,500
326,117,343,500
329,109,326,305,117,307,117,333,500
313,106,305,119,305,119,328,500
313,117,309,333,500
313,331,500
308,324,333,500
310,109,312,305,301,305,120,301,500
301,117,305,500
313,305,333,500
311,333,500
308,305,500
333,106,308,313,500
313,117,305,331,500
302,331,500
311,302,306,500
311,112,311,500
307,119,327,119,327,309,117,328,117,305,500
333,119,313,333,500
309,311,328,305,500
311,302,500
311,112,331,500
311,302,117,305,500
302,301,343,500
311,309,328,305,500
310,116,313,311,333,500
313,333,500
331,112,331,500
311,117,310,117,311,331,500
331,112,331,500
345,117,301,343,500
313,308,331,120,331,500
311,309,305,500
310,112,310,500
308,311,117,311,117,331,500
117,305,500
311,117,331,500
307,310,331,500
330,117,309,301,306,117,305,306,117,343,500
311,331,500
330,106,308,310,305,500
311,331,120,307,331,500
313,106,309,313,117,311,307,333,500
330,307,117,326,331,500
301,306,305,306,305,306,117,306,117,327,301,500
311,301,500
311,112,311,500
311,331,119,345,500
310,305,306,117,302,500
326,120,327,120,329,333,500
311,331,117,306,311,500
328,117,309,311,331,500
311,112,311,500
309,331,500
310,112,311,500
313,305,500
311,109,326,500
331,112,311,500
311,331,500
311,331,500
328,306,323,302,305,500
308,112,331,500
313,117,305,328,309,117,328,301,117,305,117,310,117,328,343,500
312,106,309,311,333,117,313,333,500
112,333,500
311,331,500
311,119,305,311,302,344,313,500
106,112,331,500
311,331,500
333,106,308,301,305,500
302,117,308,117,311,117,302,312,500
310,301,305,500
311,331,500
310,325,500
328,333,500
304,112,311,333,500
333,117,333,117,305,313,331,500
311,309,117,305,308,117,331,500
309,313,333,119,333,119,313,301,309,329,328,305,500
311,345,119,327,308,345,119,327,119,327,302,306,307,301,324,311,332,500
329,117,308,310,305,500
326,119,311,500
311,112,311,500
311,112,308,333,500
310,112,308,500
307,112,328,117,305,311,331,500
328,112,308,117,310,331,119,331,500
309,117,305,500
311,117,305,500
308,305,117,302,500
345,106,333,500
301,106,333,500
313,115,325,328,500
311,112,311,305,331,119,305,500
313,117,328,500
333,106,313,333,500
305,301,302,331,500
312,112,311,301,308,324,117,307,305,500
311,112,312,101,312,117,331,500
313,117,328,333,500
313,309,117,310,308,117,311,120,305,500
307,117,313,500
330,106,312,306,120,312,302,306,117,310,120,310,302,305,500
311,112,308,500
311,331,500
331,117,301,331,117,331,500
325,305,313,117,324,329,117,313,302,500
326,308,333,500
311,331,310,500
313,333,500
313,308,302,313,331,500
117,331,500
325,331,500
312,109,310,117,328,302,305,117,302,500
311,117,331,500
311,117,328,117,302,305,500
311,117,309,333,500
304,114,312,117,311,500
301,308,305,308,500
311,117,313,117,308,117,313,305,500
311,331,500
313,117,331,119,328,500
313,302,331,500
313,333,500
301,120,301,305,343,119,327,117,305,117,301,500
328,304,500
331,112,301,302,331,500
328,302,306,119,302,306,500
331,331,500
311,331,500
308,117,331,500
311,331,500
310,328,302,305,500
311,117,306,500
331,112,331,500
313,106,313,500
302,334,500
311,112,311,117,328,301,117,306,500
327,117,308,500
305,112,313,117,333,500
309,345,117,309,117,301,306,117,305,306,500
313,106,328,500
311,345,120,327,328,333,500
311,308,500
