311,117,302,120,344,120,308,120,305,117,344,400
302,120,345,120,345,120,328,120,331,400
327,400
308,400
330,109,326,117,325,117,306,117,302,400
313,106,313,117,328,117,302,117,308,400
305,117,311,400
313,106,333,117,301,117,302,117,345,400
308,400
344,400
311,117,302,400
333,400
305,117,302,120,301,120,308,120,326,117,302,400
305,112,311,117,313,400
302,117,333,400
307,400
345,120,327,400
310,400
311,117,333,400
325,400
327,117,308,400
301,117,305,117,305,117,301,400
301,117,331,117,302,120,330,400
313,106,311,117,331,400
331,112,331,400
313,106,309,117,305,117,302,117,308,400
344,400
311,117,301,120,302,120,308,120,326,117,302,400
305,117,301,120,344,120,308,120,326,117,344,400
310,106,310,400
311,117,301,120,302,120,308,120,305,117,344,400
345,120,345,120,345,120,308,120,331,400
344,120,344,120,344,400
302,117,305,400
313,400
311,120,344,400
313,106,309,117,308,117,302,117,308,400
305,117,302,120,302,120,308,120,326,117,302,400
311,400
302,117,302,400
301,117,305,117,305,117,333,400
305,400
331,119,331,400
345,112,331,400
311,400
311,117,302,120,302,120,308,120,305,117,309,400
312,400
311,117,331,400
331,106,331,117,333,400
311,117,301,120,302,120,308,120,305,117,309,400
325,400
311,117,302,400
345,120,345,120,301,120,328,120,327,400
313,106,308,117,301,117,302,117,345,400
304,400
344,400
328,120,310,120,328,117,333,400
311,117,301,120,301,120,308,120,305,117,302,400
311,117,302,117,306,117,333,117,306,117,302,400
333,400
313,400
310,119,310,400
311,117,305,118,325,117,305,118,312,118,329,117,343,400
329,400
328,117,305,400
307,117,313,117,308,117,311,117,311,117,314,117,305,400
311,117,331,119,311,117,331,119,310,400
344,400
313,106,309,117,328,117,302,117,308,400
305,117,301,120,344,120,308,120,305,117,344,400
311,400
333,400
324,117,307,400
345,120,345,120,345,120,301,120,327,400
305,117,302,120,301,120,308,120,305,117,302,400
312,400
311,117,305,117,306,117,333,117,306,117,344,400
325,114,325,400
304,400
310,117,302,400
331,106,334,400
301,117,305,117,305,117,333,400
311,117,302,120,344,120,308,120,326,117,344,400
330,109,326,117,325,117,306,117,306,400
344,400
314,400
330,115,325,400
328,117,305,400
301,117,301,117,327,117,305,117,306,117,327,117,301,117,343,400
328,117,333,400
308,120,331,400
332,112,312,120,332,120,302,120,305,400
307,117,313,117,308,117,311,117,313,117,314,117,305,400
311,115,302,400
328,117,305,117,302,400
308,117,308,400
328,117,344,400
345,120,345,120,345,120,328,120,331,400
331,119,306,400
302,120,345,120,345,120,301,120,331,400
302,117,302,117,306,117,308,117,306,117,311,400
305,117,302,120,302,120,308,120,305,117,309,400
311,117,301,120,344,120,308,120,326,117,309,400
302,112,333,117,331,400
308,400
344,400
311,117,328,119,311,117,331,119,310,400
313,106,308,117,308,117,302,117,345,400
302,120,345,120,301,120,308,120,327,400
311,112,331,400
311,117,302,117,306,117,308,117,306,117,302,400
311,117,302,120,302,120,308,120,305,117,344,400
305,400
301,117,305,117,309,117,301,400
345,120,344,400
331,109,301,400
331,400
344,117,344,400
302,120,345,120,301,120,328,120,327,400
345,117,343,400
305,117,301,120,301,120,308,120,305,117,344,400
309,400
311,117,302,120,344,120,308,120,326,117,302,400
308,400
311,117,302,120,301,120,308,120,326,117,309,400
311,115,311,400
302,117,305,117,306,117,308,117,306,117,344,400
313,106,309,117,301,117,302,117,308,400
311,117,306,400
329,117,305,117,309,117,333,400
324,117,306,400
311,117,302,120,301,120,308,120,305,117,309,400
309,400
344,400
311,120,345,120,345,120,308,120,331,400
308,400
313,106,313,117,305,117,302,117,345,400
305,400
313,106,333,117,308,117,302,117,308,400
302,112,301,117,331,400
311,115,311,400
302,120,345,120,345,120,328,120,327,400
331,400
313,106,308,117,328,117,302,117,308,400
305,117,301,120,302,120,308,120,326,117,309,400
311,400
301,400
314,400
332,400
326,400
325,400
305,120,302,400
333,119,333,119,313,117,331,400
302,114,313,400
330,114,307,400
305,117,301,120,302,120,308,120,305,117,344,400
312,117,305,400
302,117,328,400
311,115,329,400
308,400
302,117,302,400
306,117,307,400
305,117,301,120,301,120,308,120,326,117,309,400
311,117,331,119,311,117,331,119,331,400
313,106,308,117,305,117,302,117,345,400
311,117,301,120,301,120,308,120,305,117,309,400
311,117,302,117,306,117,308,117,306,117,311,400
311,117,301,120,344,120,308,120,305,117,344,400
308,117,325,400
325,120,329,400
302,117,305,117,306,117,308,117,306,117,302,400
308,400
331,117,308,400
311,117,302,120,344,120,308,120,326,117,309,400
308,400
326,400
345,120,345,120,301,120,328,120,327,400
305,117,302,120,344,120,308,120,305,117,344,400
305,117,301,120,301,120,308,120,326,117,344,400
332,109,332,400
311,117,331,400
311,117,305,117,306,117,308,117,306,117,344,400
308,117,328,400
302,117,305,400
330,106,311,119,344,400
331,117,328,400
305,117,302,400
305,117,301,120,302,120,308,120,326,117,302,400
343,109,326,119,306,400
305,117,301,120,302,120,308,120,326,117,344,400
305,120,305,400
311,112,314,400
326,109,307,400
325,120,327,400
313,400
333,119,333,119,331,117,331,400
330,109,325,117,333,400
311,117,302,120,302,120,308,120,326,117,344,400
302,120,345,120,345,120,308,120,327,400
311,117,301,120,301,120,308,120,326,117,302,400
301,117,305,117,301,117,301,400
311,400
311,120,345,120,301,120,308,120,331,400
332,109,306,400
331,109,312,400
331,109,331,400
312,117,332,120,332,400
312,117,344,400
313,106,333,117,301,117,302,117,308,400
325,109,331,400
311,117,343,400
332,400
344,109,326,400
328,400
305,117,302,120,301,120,308,120,326,117,344,400
313,112,311,117,311,117,323,117,310,400
302,120,345,120,345,120,301,120,327,400
305,117,325,400
326,109,326,117,333,400
310,117,302,400
331,119,306,400
302,400
307,400
326,117,306,400
331,112,301,119,331,400
345,120,345,120,301,120,328,120,331,400
311,120,345,120,301,120,328,120,331,400
302,117,311,400
311,117,301,120,302,120,308,120,326,117,309,400
311,120,345,120,345,120,308,120,327,400
302,120,345,120,345,120,308,120,331,400
345,120,345,120,301,120,301,120,327,400
305,400
313,106,313,117,301,117,302,117,308,400
311,117,333,120,329,117,333,400
329,400
330,400
311,117,302,120,301,120,308,120,326,117,344,400
301,103,314,400
325,114,311,120,345,120,345,119,311,400
328,117,302,400
325,114,311,400
311,120,345,120,301,120,328,120,331,400
311,117,324,400
302,120,345,120,301,120,301,120,331,400
333,400
301,117,313,117,331,120,330,400
302,117,302,117,306,117,333,117,306,117,302,400
331,112,302,400
312,400
332,109,344,400
311,117,302,117,306,117,333,117,306,117,344,400
312,400
328,117,311,400
308,117,306,400
305,119,333,119,313,117,331,400
331,400
305,119,333,119,331,117,331,400
305,117,302,120,302,120,308,120,326,117,309,400
325,120,305,400
311,117,302,120,344,120,308,120,305,117,309,400
345,117,301,400
313,106,313,117,308,117,302,117,345,400
344,400
331,400
311,400
305,117,301,120,301,120,308,120,326,117,302,400
343,400
314,112,328,117,302,400
311,117,307,117,333,400
313,400
344,120,329,400
305,117,301,120,344,120,308,120,305,117,302,400
332,109,306,400
333,400
306,117,302,400
301,400
311,117,305,400
311,120,345,120,301,120,328,120,327,400
306,117,306,400
306,400
302,120,345,120,345,120,328,120,327,400
302,117,325,400
331,112,305,400
311,120,345,120,345,120,328,120,327,400
343,400
313,106,333,117,305,117,302,117,345,400
311,117,305,400
345,120,345,120,345,120,308,120,327,400
313,106,344,400
331,106,313,400
311,120,345,120,345,120,328,120,331,400
311,117,301,120,344,120,308,120,326,117,344,400
302,400
314,400
311,120,345,120,301,120,301,120,327,400
345,120,345,120,301,120,308,120,331,400
345,400
331,112,311,117,331,400
308,400
344,400
301,120,344,120,301,400
301,117,305,117,309,117,333,400
331,112,311,119,331,400
311,117,400
333,117,313,400
311,400
301,117,301,117,327,117,301,117,306,117,327,117,301,117,343,400
302,400
302,117,302,117,306,117,308,117,306,117,344,400
331,112,308,119,331,400
325,114,305,400
313,106,313,117,308,117,302,117,308,400
327,400
305,117,302,120,302,120,308,120,305,117,302,400
302,117,311,400
302,117,305,117,306,117,333,117,306,117,302,400
313,400
301,117,308,400
311,109,305,117,302,117,308,117,344,400
311,400
311,400
332,109,312,400
305,117,301,120,344,120,308,120,326,117,309,400
305,117,302,120,344,120,308,120,305,117,309,400
313,118,324,400
310,112,311,400
309,400
313,106,311,117,331,400
313,106,313,117,333,400
313,106,333,117,305,117,302,117,308,400
305,400
302,117,305,400
309,400
305,117,301,120,344,120,308,120,305,117,309,400
311,117,328,119,311,117,331,119,331,400
333,117,331,400
331,119,324,400
311,400
313,106,311,117,311,400
302,400
345,112,311,400
302,400
311,117,305,118,325,117,305,118,312,118,328,117,343,400
332,109,312,400
311,117,301,120,301,120,308,120,326,117,344,400
331,112,308,400
305,400
314,112,328,117,305,400
302,117,302,400
313,106,309,117,301,117,302,117,345,400
305,120,308,400
307,116,325,117,302,400
309,106,345,400
311,120,311,400
311,120,345,120,301,120,328,120,327,400
305,117,302,120,301,120,308,120,305,117,344,400
312,109,312,400
313,117,344,400
333,400
305,117,302,120,344,120,308,120,326,117,309,400
301,117,305,117,301,117,301,400
311,400
311,117,305,400
311,117,331,400
331,112,305,119,331,400
311,117,310,400
307,400
345,120,345,120,301,120,328,120,331,400
311,109,312,400
301,117,305,117,309,117,301,400
311,117,331,119,311,117,331,119,308,400
313,106,333,400
313,400
301,117,305,117,305,117,301,400
307,117,313,117,308,117,311,117,331,117,314,117,305,400
301,117,313,117,302,120,330,400
311,112,311,400
305,117,302,120,302,120,308,120,326,117,344,400
307,117,313,117,308,117,311,117,308,117,314,117,305,400
308,117,302,400
302,117,306,400
305,106,313,400
333,400
313,106,308,117,328,117,302,117,345,400
345,117,332,119,302,400
305,117,301,120,344,120,308,120,326,117,302,400
302,120,345,120,301,120,301,120,327,400
307,400
311,117,301,120,344,120,308,120,305,117,309,400
311,117,302,120,301,120,308,120,326,117,302,400
313,106,333,117,328,117,302,117,308,400
326,117,306,400
311,120,345,120,345,120,301,120,331,400
306,400
311,109,305,117,302,117,313,117,344,400
302,117,302,117,306,117,333,117,306,117,311,400
310,117,328,400
308,400
313,400
343,400
314,103,314,400
306,400
311,117,302,117,306,117,308,117,306,117,344,400
345,117,301,117,324,400
308,120,344,120,301,400
313,106,308,117,305,117,302,117,308,400
344,400
310,117,332,400
313,106,313,117,328,117,302,117,345,400
307,116,325,117,305,400
313,106,309,117,308,117,302,117,345,400
312,119,311,119,311,119,311,119,325,400
312,400
311,117,301,120,302,120,308,120,305,117,302,400
310,117,331,400
302,120,345,120,301,120,308,120,331,400
302,117,306,400
313,117,311,117,332,400
302,117,302,117,306,117,308,117,306,117,302,400
313,106,308,117,308,117,302,117,308,400
329,117,305,117,309,117,301,400
312,117,305,400
311,109,325,400
333,120,327,400
308,120,330,400
313,400
333,400
308,120,308,400
313,106,309,117,305,117,302,117,345,400
326,117,307,400
305,106,344,400
311,103,328,400
311,117,302,120,302,120,308,120,326,117,302,400
330,106,311,119,312,400
313,400
313,106,333,117,308,117,302,117,345,400
311,109,331,400
311,400
325,120,302,400
305,120,327,400
302,117,305,117,306,117,333,117,306,117,344,400
311,400
306,117,306,400
313,106,313,117,305,117,302,117,308,400
343,109,312,400
314,116,310,400
302,120,345,120,301,120,328,120,331,400
301,120,344,120,344,400
313,400
305,117,302,120,302,120,308,120,305,117,344,400
328,117,331,400
325,117,343,400
305,400
311,117,302,120,344,120,308,120,305,117,302,400
302,400
311,117,305,117,306,117,308,117,306,117,302,400
312,400
310,119,312,400
331,400
308,400
345,117,301,117,343,400
345,120,327,117,326,400
311,117,301,120,344,120,308,120,326,117,302,400
332,112,309,120,332,120,302,120,305,400
345,120,345,120,345,120,328,120,331,400
302,117,302,117,306,117,333,117,306,117,344,400
301,400
310,400
311,400
331,117,306,400
313,119,313,400
330,120,345,117,331,400
302,120,345,120,301,120,328,120,327,400
313,106,309,117,328,117,302,117,345,400
