301,117,327,343,101,327,117,305,112
311,331,112
311,117,331,112
310,117,305,112
311,331,112
311,117,311,331,112
328,112,311,106
326,117,328,302,305,112
311,302,311,343,103
308,314,311,331,117,302,305,112
311,343,103
328,302,306,119,302,306,106
313,326,333,106
313,333,106
302,306,307,117,325,331,112
311,302,306,112
311,306,112
311,308,310,117,328,306,117,302,305,308,328,305,101,305,101,327,302,305,106
313,117,328,106
313,331,302,119,311,119,302,306,106
344,109,326,333,311,331,106
308,310,331,109
333,106,313,106
313,308,344,313,106
313,344,109
332,109,302,306,109
328,310,333,106
313,305,120,333,112
311,112,311,331,112
311,305,328,305,106
313,305,106
311,331,106
313,308,305,331,301,112
311,331,302,112
345,120,327,117,326,109
326,117,343,112
311,112,311,112
311,112,308,343,112
311,117,309,112
327,120,311,112
311,117,313,112
310,301,333,115
325,109,312,109
308,328,117,313,112
309,119,327,119,327,333,106
313,120,311,116
311,114,325,103
333,120,327,109
311,345,120,327,328,333,112
304,112,311,333,106
328,302,117,305,117,302,109
312,119,311,119,311,119,311,119,325,115
311,112,311,116
328,109,312,117,328,117,333,112
311,112,311,112
311,115,311,329,308,302,311,103
312,112,325,112
311,302,117,305,112
331,117,301,305,112
311,112,311,119,311,112
305,117,328,106
313,106,327,106
311,112,313,117,311,117,333,106
313,109,302,109
330,106,308,112
311,112,311,112
325,117,343,103
314,103,314,109
312,112,311,112
308,106,313,106
302,114,313,109
309,109,308,106
313,333,106
311,106,313,311,116
325,313,117,305,106
328,302,305,117,302,311,305,114
325,114,325,311,305,114
311,305,120,305,101,305,117,333,106
313,325,103
311,331,116
311,109,326,333,106
313,117,308,116
307,116,325,117,302,305,109
307,305,302,103
314,310,112
311,305,302,114
326,314,114
325,314,114
312,305,310,117,328,301,305,106
313,106,311,117,331,114
325,117,313,106
345,117,327,117,301,343,112
311,112,331,117,310,117,329,345,116
329,302,116
310,305,306,117,302,112
331,119,302,324,120,307,329,302,120,302,120,302,310,302,119,302,119,329,120,308,302,306,120,302,120,311,302,306,120,305,112
311,302,308,306,115
310,112,312,307,333,106
313,310,302,301,305,112
345,119,302,305,117,325,305,117,324,332,112
311,116,325,311,119,328,106
313,308,313,333,106
313,333,103
314,106,313,308,106
308,120,312,329,312,106
313,117,309,304,106
304,106,310,106
313,305,114
310,112,311,103
314,116,310,109
327,120,312,109
312,120,312,307,333,106
313,106,313,117,331,106
313,112,311,331,112
311,331,114
310,120,327,120,327,120,327,120,327,117,310,114
325,331,106
310,117,327,120,301,302,306,112
328,327,305,115
325,313,306,301,120,305,333,313,306,106
313,106,313,333,344,109
344,109,326,333,106
313,117,344,106
308,305,120,330,308,331,115
311,109,325,331,109
310,106,313,120,327,106
310,109,312,305,301,305,120,301,112
311,331,116
345,117,301,343,109
329,112,307,313,117,311,112
331,112,311,112
311,331,112
311,117,307,112
311,117,308,117,331,112
311,106,308,117,333,106
313,106,309,313,333,308,117,328,301,308,305,117,302,117,308,345,109
329,345,117,305,117,308,302,112
308,333,106
313,106,313,117,331,106
311,117,313,331,112
311,331,112
313,106,311,117,311,331,115
310,312,117,331,112
311,309,333,106
313,106,311,117,333,106
313,106,328,106
313,117,302,117,308,328,305,112
311,333,106
313,117,333,106
311,117,333,106
308,119,327,106
308,305,119,313,302,305,106
330,119,301,119,301,309,311,333,106
312,305,112
312,112,311,301,308,324,117,307,305,112
311,117,328,331,119,311,117,331,119,310,308,331,114
311,112,310,117,302,117,305,119,327,117,331,112
311,302,112
311,112,331,112
311,117,308,305,112
329,302,301,305,302,119,305,119,305,302,117,301,117,301,306,112
311,112,311,112
311,302,106
313,106,333,117,313,112
302,119,328,119,309,112
308,119,305,112
311,331,120,307,331,112
311,331,112
327,117,308,106
308,311,117,301,120,329,120,329,311,106
331,112,311,112
331,112,308,311,120,311,112
311,301,305,117,331,112
308,331,112
301,345,117,301,343,101,312,106
311,112,311,112
311,331,112
328,112,311,312,112
311,331,117,310,329,302,324,305,306,117,302,312,310,302,306,324,305,324,101,302,324,305,301,324,117,331,301,331,119,308,331,324,328,345,120,327,313,106
313,331,112
311,345,119,327,308,345,119,327,119,327,302,306,307,301,324,311,332,112
331,112,311,112
311,331,310,112
310,345,311,120,312,120,311,331,112
311,114,311,333,112
311,333,112
311,302,323,119,311,106
311,313,333,106
313,345,120,345,120,327,331,112
328,331,120,311,331,309,307,345,120,329,120,305,313,333,106
313,333,112
327,120,328,331,112
311,112,311,305,331,119,305,112
311,331,112
312,112,311,308,331,112
310,116,313,311,333,106
310,331,309,302,112
311,302,345,120,345,120,301,345,120,301,328,308,328,120,327,331,115
310,325,116
311,117,302,306,310,114
325,114,311,120,345,120,345,119,311,114
301,120,301,324,302,328,306,116
310,112,310,112
311,310,331,112
345,117,301,343,106
308,313,117,333,106
313,112,328,302,311,117,305,112
328,117,309,311,331,112
328,308,305,308,112
311,112,328,302,305,302,106
328,331,120,327,309,328,308,331,112
311,309,328,305,112
329,106,313,106
314,106,117,332,312,331,112
310,106,309,310,109
307,333,119,330,106
310,328,302,305,112
311,302,305,117,311,308,328,333,106
305,119,305,106
313,333,106
313,117,305,117,306,313,331,112
331,112,302,344,109
344,109,326,109
326,308,333,106
313,106,323,106
313,117,333,106
328,305,106
309,326,301,117,345,324,326,333,106
313,117,302,117,305,302,306,112
325,305,313,117,324,329,117,313,302,112
331,112,311,302,305,112
311,333,112
306,112,301,117,312,117,305,112
311,117,313,301,117,306,117,330,112
330,307,117,326,331,112
311,309,117,305,308,117,331,112
311,331,112
310,117,332,115
325,331,112
343,112,106
112,106,112
106,112,331,112
331,112,331,112
331,112,331,112
331,112,106
333,106,112
333,106,112
106,112,331,112
344,333,106
112,333,106
112,333,106
333,106,331,112
306,112,331,112
331,112,106
301,117,343,106
313,333,106
311,333,106
313,106,314,106
305,112,311,120,345,120,327,120,328,120,327,120,330,112
311,106,313,112
328,305,109
311,117,331,112
333,112,311,112
311,331,106
310,109,328,305,112
312,109,310,117,328,302,305,117,302,112
333,117,305,106
313,328,302,106
311,106,313,331,112
311,308,344,109
326,120,327,120,329,333,106
308,112,331,112
310,305,112
345,117,327,309,343,106
313,106,313,333,106
313,331,106
308,106,313,106
313,117,333,106
313,106,311,331,112
311,117,331,112
311,120,327,117,311,120,328,305,112
302,112,311,106
311,112,302,106
313,112,345,120,327,106
310,112,308,112
308,302,106
313,117,328,333,106
308,333,106
313,106,305,112
301,305,119,330,112
305,106,313,117,305,117,331,112
328,117,344,305,109
307,344,109
326,333,106
313,333,106
308,313,344,109
306,117,333,120,329,313,117,344,106
301,308,305,308,106
313,331,112
331,117,311,331,112
328,305,112
343,112,331,112
333,331,106
112,331,112
331,112,106
331,344,333,106
331,112,331,112
331,112,331,112
331,106,306,112
309,343,112
311,116,311,117,331,116
311,343,119,327,310,116
328,331,116
313,308,112
311,331,115
311,117,308,106
345,106,327,120,307,328,112
311,305,106
313,117,305,328,309,117,328,301,117,305,117,310,117,328,343,106
313,106,313,120,302,117,305,302,112
311,112,328,309,328,106
309,305,112
328,112,308,117,310,331,119,331,112
311,117,305,112
311,302,328,112
310,301,305,106
313,305,119,328,333,106
313,117,309,331,116
311,119,305,311,302,344,313,112
311,120,310,311,305,106
313,117,308,305,106
325,331,112
311,331,112
311,331,112
311,309,333,117,308,112
329,117,308,310,305,106
313,331,112
301,309,117,343,112
307,311,112
311,112,307,311,343,116
311,308,305,119,329,305,309,302,305,112
311,117,302,112
331,117,333,112
308,311,309,302,305,118,305,112
311,117,305,112
311,333,106
313,309,333,119,330,106
309,313,117,308,302,305,119,329,333,106
308,302,305,117,325,115
305,112,328,331,117,329,308,305,106
313,308,331,120,331,112
311,112,331,119,330,112
311,309,332,106
313,106,313,333,106
308,106,309,106
313,112,311,301,106
117,345,117,345,117,327,345,117,309,117,301,117,345,117,301,117,345,117,305,112
305,117,112
311,117,306,112
117,331,112
311,117,331,112
311,117,331,112
307,117,328,117,328,117,112
311,114,311,117,305,117,331,112
311,117,331,112
311,117,331,112
330,313,117,333,119,333,119,327,117,333,106
333,106,313,117,308,117,333,106
313,117,119,333,106
313,117,343,112
311,117,331,106
305,112,313,117,333,106
333,106,313,333,106
313,117,331,311,117,333,106
313,117,331,119,328,106
313,117,311,112
310,117,333,106
313,117,345,120,328,306,106
328,106,302,301,302,117,313,117,308,117,302,309,302,117,305,106
313,117,310,117,305,112
311,112,331,112
311,117,302,119,305,119,311,305,106
313,117,328,333,106
331,112,311,117,331,112
311,117,331,112
328,304,112
311,117,331,112
311,117,331,311,112
117,331,112
311,117,305,117,306,117,328,117,343,109
330,106,313,117,305,331,119,327,117,305,106
313,117,305,331,106
301,117,301,119,117,301,119,301,117,310,117,331,112
305,343,112
311,117,307,112
311,112,311,112
311,112,311,112
311,112,313,106
310,103,314,117,325,106
313,106,313,117,302,306,106
307,117,313,106
308,117,305,106
313,106,313,106
314,114,313,106
328,301,305,112
311,117,325,305,120,301,112
117,305,106
305,302,106
313,106,313,333,323,106
313,308,114
325,302,308,116
308,314,115
325,112,311,117,302,306,116
313,119,312,301,313,112
115,325,117,305,311,106
313,106,305,119,305,119,328,112
311,112,311,106
313,115,325,328,112
310,117,344,119,344,114
305,115,313,117,305,106
313,331,112
330,115,325,115
304,114,312,117,311,112
311,112,301,112
301,305,327,343,112
311,115,311,117,307,311,301,305,112
311,305,114
325,305,120,329,327,302,305,114
308,311,305,302,117,327,305,112
311,117,333,114
310,119,310,312,109
312,117,305,109
328,120,310,120,307,328,117,333,115
310,112,311,112
311,117,305,114
325,308,305,101,305,312,305,117,309,325,311,117,333,116
311,331,112
325,109,312,307,329,328,119,307,117,311,307,301,308,328,302,328,305,101,312,310,117,343,112
311,331,112
301,306,117,301,117,309,343,106
313,308,117,313,311,106
313,331,112
311,308,106
310,117,328,302,306,109
307,119,327,119,327,309,117,328,117,305,106
313,117,305,106
313,309,117,310,308,117,311,120,305,112
311,117,305,118,325,117,305,118,312,118,329,328,117,343,114
313,331,112
305,117,331,112
311,117,333,120,329,117,333,109
326,117,307,311,331,112
311,331,109
312,112,311,328,326,302,117,302,305,112
311,117,331,112
311,112,308,302,305,117,302,117,305,117,328,117,305,112
301,306,305,306,117,301,343,119,343,112
311,117,331,112
311,117,331,112
345,112,311,331,103
311,305,117,325,117,323,106
330,109,325,117,333,109
311,117,343,103
314,117,331,112
311,117,331,112
311,331,112
311,117,328,305,106
310,117,310,305,120,303,112
305,117,331,112
328,117,311,117,302,305,112
302,117,302,331,119,302,117,302,306,112
302,305,117,305,103
302,117,302,333,109
330,120,345,117,331,109
326,117,302,305,112
309,334,106
313,334,103
343,106,311,117,334,103
310,306,112
305,343,103
325,109,331,103
112,328,117,305,306,117,302,305,112
302,329,305,112
333,106,313,106
313,333,106
333,106,333,305,117,302,328,117,333,106
311,117,311,331,112
331,117,313,117,344,109
312,117,344,109
332,120,312,109
345,120,310,117,333,106
313,333,117,333,120,331,117,302,117,331,112
328,117,331,112
311,117,328,333,112
333,106,331,112
308,333,117,313,333,112
331,117,313,333,112
313,305,112
313,117,311,331,112
310,312,331,112
308,328,117,331,112
311,331,106
305,117,331,112
311,331,119,331,112
311,117,302,117,302,309,302,119,303,117,309,303,117,305,117,301,305,112
330,117,309,301,306,117,305,306,117,343,112
311,331,112
311,117,325,117,331,112
311,333,106
313,117,309,333,106
333,106,311,117,333,106
313,333,109
313,309,331,114
307,117,307,117,302,112
311,109,328,117,333,112
311,103,314,112
329,112,311,117,305,112
311,117,328,308,328,344,112
311,303,302,305,112
313,331,112
305,344,112
311,302,117,103
311,344,112
309,313,344,112
313,117,344,106
313,344,119,311,117,333,106
313,331,106
313,331,117,331,112
331,117,311,302,117,302,117,306,112
310,307,302,117,305,106
304,305,106
334,109,311,302,305,117,313,305,302,305,302,117,302,306,112
326,302,117,306,112
310,117,306,112
326,333,106
313,117,302,301,112
301,117,301,117,327,117,301,305,117,306,117,327,117,301,117,343,115
325,117,117,331,112
311,117,307,117,333,103
313,117,311,117,332,103
307,117,313,117,308,117,311,117,313,331,311,308,117,314,117,305,103
328,117,308,117,331,112
307,117,331,117,312,332,307,117,305,112
311,117,307,117,331,112
311,117,331,112
311,117,331,112
311,117,328,117,302,305,112
311,117,312,117,332,117,331,112
311,112,311,117,331,117,311,112
311,117,331,109
311,117,308,312,117,311,117,345,120,308,117,327,117,308,120,327,117,331,120,312,109
312,117,327,117,331,112
311,112,311,117,328,301,117,306,112
309,345,117,309,117,301,306,117,305,306,112
311,343,112
305,328,117,331,112
307,112,328,117,305,311,331,112
308,311,117,311,117,331,112
311,117,333,112
307,328,117,331,106
328,117,301,305,333,112
311,302,117,305,302,117,306,117,308,333,117,306,117,311,302,344,109
308,305,302,305,117,302,306,112
311,117,331,106
302,313,305,112
305,119,333,106
313,305,333,106
313,106,313,333,112
313,117,333,106
313,326,117,313,333,106
308,313,333,119,333,106
302,331,119,302,117,306,117,313,333,106
308,117,112
302,103,311,117,333,106
305,106,313,344,109
330,112,331,106
313,332,109
331,109,312,117,311,117,331,112
331,117,311,302,331,112
311,117,311,310,311,117,309,328,117,331,305,112
301,117,306,305,301,306,117,343,112
307,106,308,307,328,117,331,112
308,112,311,117,310,112
311,117,302,117,305,302,117,306,112
311,117,309,333,106
313,106,328,117,309,117,331,106
308,112,328,117,302,117,306,119,313,117,343,106
308,305,117,302,112
328,117,302,117,305,302,119,311,117,302,117,309,302,120,305,101,309,106
311,117,302,305,112
311,112,311,331,109
312,117,333,112
344,120,329,344,109
333,109,313,109
313,119,313,109
307,117,313,117,331,112
311,117,331,109
312,117,305,327,109
311,112,312,101,312,117,331,112
345,117,301,306,117,301,306,120,301,117,305,117,301,117,343,112
311,117,305,103
311,112,311,112
305,112,311,117,313,103
326,119,311,106
311,112,314,103
311,117,326,331,106
328,112,307,119,311,112
311,117,313,117,308,117,313,305,112
311,106,313,106
313,106,313,117,333,103
314,112,328,117,302,305,115
313,117,326,313,112
308,117,333,106
313,117,331,106
308,117,331,112
311,305,106
311,117,310,117,311,331,112
311,117,331,112
311,106,313,333,112
311,112,311,117,328,117,324,112
311,117,312,117,343,116
326,311,117,301,112
311,117,301,324,112
345,117,301,117,305,324,343,109
311,109,312,109
312,109,307,333,106
313,310,112
311,333,106
313,343,106
313,310,308,312,112
307,109,307,330,325,112
311,331,112
311,302,117,305,302,305,311,109
307,312,331,109
310,306,311,331,112
311,331,112
311,330,302,306,117,305,324,305,331,112
311,331,112
311,331,112
307,331,311,112
311,331,112
311,331,331,112
311,117,331,117,112
311,333,109
328,306,323,302,305,112
305,302,305,112
313,331,112
311,331,112
311,345,120,327,311,344,109
330,344,112
312,106,309,311,333,117,313,333,112
313,331,112
305,306,328,331,117,307,112
311,109,312,331,112
311,331,112
305,106,328,301,112
311,302,106
301,117,306,117,327,117,301,117,330,305,117,301,117,343,106
313,112,311,117,311,117,323,117,310,109
307,117,311,117,343,119,311,117,311,117,312,117,331,112
308,312,109
308,117,311,117,331,305,112
307,117,308,112
312,112,312,112
311,112,311,117,331,112
311,117,331,117,312,106
311,109,312,109
312,117,332,120,332,109
332,109,329,117,302,112
311,103,328,103
314,112,308,117,328,103
312,311,333,109
311,112,313,117,311,112
308,117,302,103
328,117,309,328,117,333,112
326,117,328,301,112
305,331,112
311,117,331,112
311,117,324,115
311,109,305,117,302,117,308,313,117,344,109
312,117,344,109
312,109,305,112
311,112,305,112
312,112,311,120,311,333,112
311,112,308,333,106
313,106,313,106
313,106,311,117,308,112
311,117,308,117,302,117,309,331,112
311,112,311,117,309,301,112
311,117,301,117,301,305,112
330,117,345,117,330,112
311,305,117,343,112
327,119,308,106
313,106,328,117,331,112
330,109,326,117,325,117,306,117,302,306,109
312,119,312,117,332,119,311,117,331,112
311,117,331,109
311,117,331,112
311,302,305,109
330,112,311,331,112
311,109,326,106
308,328,117,331,112
345,117,311,117,302,117,311,112
330,109,327,112
311,117,331,324,109
326,112,305,117,330,112
311,112,311,117,331,112
311,117,343,109
312,109,312,109
312,112,328,112
311,112,311,117,311,112
302,117,306,109
302,112,301,333,117,331,109
311,112,310,117,328,329,328,106
313,118,324,109
326,109,326,117,333,109
307,117,331,120,332,112
328,117,331,109
331,117,302,305,106
311,117,328,106
329,331,106
328,333,106
328,117,333,109
330,106,311,119,312,344,109
326,109,307,109
307,328,117,331,117,308,305,112
313,106,313,112
301,306,117,343,117,307,302,343,112
311,331,112
329,311,308,331,117,327,311,308,333,120,345,120,302,112
333,117,331,112
311,117,308,333,117,311,331,112
311,343,117,327,331,112
112,311,309,344,329,120,311,331,117,327,112
329,344,109
326,324,306,117,306,307,306,109
326,329,302,328,116
311,306,311,112
309,117,333,112
305,112,306,117,308,328,306,308,331,112
310,117,331,112
309,331,112
311,306,308,328,305,106
309,333,112
308,305,117,302,306,308,311,302,305,117,324,343,119,309,302,305,112
302,331,112
305,112,307,305,306,302,331,112
309,311,328,305,106
313,331,112
309,311,331,119,311,112
311,333,119,327,106
329,333,106
310,106,333,305,106
311,308,333,120,312,306,117,305,333,106
308,328,306,305,112
330,106,308,310,305,112
311,306,117,302,344,109
343,109,326,119,306,109
306,117,333,112
311,333,302,305,117,306,328,305,106
305,106,308,328,112
327,329,327,120,330,117,301,117,306,120,301,120,327,305,328,106
332,119,302,119,302,119,331,119,331,112
308,331,302,117,302,308,328,306,114
307,309,310,305,106
308,323,119,307,331,112
308,106,311,112
311,304,109
312,117,331,112
331,112,311,117,331,103
302,106,308,305,112
311,117,308,305,106
302,119,302,306,119,302,120,302,117,311,302,305,112
311,301,306,117,305,112
329,308,302,301,305,106
301,308,344,120,344,120,301,344,109
308,117,333,106
313,120,308,305,106
120,308,331,112
309,311,117,301,306,301,112
311,117,301,117,308,120,313,112
301,305,301,306,117,343,112
331,106,307,325,306,332,106
304,332,117,331,120,306,120,328,301,117,331,119,331,119,327,331,112
331,115,325,117,307,302,306,117,302,117,306,323,307,311,308,331,119,329,106
308,310,306,101,308,331,112
331,120,311,331,112
311,331,106
313,301,120,329,305,112
311,306,117,302,305,112
305,112,310,305,112
311,331,112
311,344,109
312,344,120,310,117,308,120,305,308,301,112
311,112,328,308,323,305,120,305,309,305,120,305,112
302,308,313,329,302,306,119,309,302,306,119,309,302,119,308,302,119,309,302,308,329,331,117,313,306,106
310,301,331,117,301,112
301,306,305,306,305,306,117,306,117,327,301,112
331,331,112
307,331,112
328,306,307,333,117,327,302,305,106
333,112,333,106
313,331,333,106
343,117,343,120,345,120,329,327,345,328,331,112
311,301,324,301,331,106
309,313,333,119,333,119,313,301,309,329,328,305,112
331,112,311,333,120,333,119,331,106
313,308,305,112
313,120,331,117,313,117,331,112
308,331,106
313,302,306,305,120,302,306,302,305,308,112
330,106,312,306,120,312,302,306,117,310,120,310,302,305,112
301,305,117,301,333,106
333,302,306,327,343,302,109
302,106,302,331,112
311,331,117,306,311,112
311,301,112
306,112,302,306,112
332,327,308,331,112
331,311,118,331,112
308,311,301,306,344,345,109
332,109,312,306,312,332,323,344,109
301,330,344,109
308,329,344,323,333,112
308,324,333,112
329,109,306,333,112
308,329,333,332,112
308,310,306,311,305,106
313,331,112
309,301,329,301,119,301,112
331,112,311,331,112
331,112,331,112
328,333,106
302,305,106
306,301,305,306,117,301,119,327,343,112
331,112,331,112
331,109,312,109
312,302,324,109
302,119,302,331,119,307,331,301,117,328,333,106
313,302,331,112
323,109,331,109
312,343,103
331,106,313,334,103
302,301,343,106
302,306,302,343,119,302,305,112
311,331,112
311,331,112
331,119,306,324,306,109
310,117,302,331,109
333,112,311,302,333,106
308,331,112
308,311,302,305,106
311,331,112
309,331,112
311,333,112
302,106,331,112
308,333,112
323,106,301,112
309,305,117,301,112
333,106,313,331,112
309,302,344,106
309,326,308,344,109
307,333,106
309,305,326,344,112
331,109,301,331,109
307,310,331,112
310,344,112
309,328,331,112
331,112,308,331,112
311,309,305,106
308,311,331,308,323,331,112
331,112,311,308,301,305,119,331,109
301,345,117,301,117,305,117,345,119,327,117,305,117,345,117,301,112
331,112,331,112
331,119,331,109
305,112,311,117,331,106
313,331,106
313,333,106
313,302,308,333,106
333,117,313,331,109
328,331,119,331,119,309,331,119,328,302,313,302,305,106
343,106,313,331,112
311,305,112
302,306,302,117,310,117,306,117,329,306,117,310,117,302,310,305,117,112
305,301,311,331,112
307,302,117,307,311,302,112
308,333,106
328,345,120,328,313,308,117,333,112
345,106,333,106
308,112,331,119,331,117,310,345,117,302,305,112
301,329,301,117,305,117,309,301,305,117,301,333,103
328,333,117,309,305,333,112
330,103,311,306,333,106
309,301,305,309,306,117,301,344,112
311,344,109
309,345,117,332,119,302,103
302,117,331,119,331,120,331,117,311,310,120,330,117,333,106
309,333,112
331,117,302,344,112
332,112,301,329,344,117,308,310,305,106
308,331,112
331,112,311,331,112
310,308,301,331,106
331,112,301,331,112
345,112,328,306,331,120,331,112
328,117,331,112
301,120,301,305,343,119,327,117,305,117,301,112
325,106,328,117,332,120,330,119,302,331,120,305,117,302,119,302,331,119,302,305,112
302,117,308,117,311,117,302,312,112
308,331,112
301,117,313,331,117,302,331,120,330,103
330,119,308,302,305,112
330,103,330,109
302,308,302,305,302,308,117,302,112
309,302,103
344,103,310,307,117,308,302,310,302,117,311,331,118,302,117,331,117,302,331,112
309,117,305,112
301,120,301,331,112
333,106,308,313,106
302,119,333,112
308,117,302,117,333,106
308,302,333,117,333,120,309,301,112
301,117,305,106
308,305,117,301,112
308,117,301,305,120,301,112
330,106,330,112
311,301,112
333,106,333,106
301,308,117,328,308,109
301,310,106
313,112,308,120,344,112
332,112,312,309,120,332,120,302,120,305,109
327,117,308,109
301,106,333,106
311,112,309,303,106
330,120,301,120,311,305,112
308,305,106
331,106,308,112
308,331,112
331,112,311,306,112
308,112,311,117,331,112
311,117,331,112
311,112,308,112
301,117,306,117,305,112
311,103,311,112
331,112,311,112
311,112,331,311,331,112
331,112,345,112
311,331,119,345,112
328,119,308,310,112
311,308,112
311,301,305,106
305,309,305,112
331,117,310,332,112
328,305,120,305,112
301,103,314,109
312,331,120,331,117,307,302,306,106
311,106,309,120,305,112
311,301,305,112
301,305,120,301,112
333,106,313,333,106
309,106,308,306,309,302,106
310,301,117,305,106
333,106,308,301,305,112
311,305,120,301,112
308,328,305,311,305,106
308,313,309,344,109
312,109,301,328,331,106
308,109,307,308,106
309,106,345,109
312,120,345,328,308,331,117,311,112
331,112,331,112
331,112,309,112
308,120,301,331,112
327,112,310,120,327,301,106
345,117,327,301,306,117,301,306,117,301,117,305,106
330,114,307,114
307,313,114
305,106,345,117,330,116
305,117,328,305,112
343,109,312,109
312,109,312,117,305,112
311,117,305,112
307,112,311,112
326,305,302,305,120,301,117,305,112
309,117,302,311,302,305,112
325,106,325,302,306,302,305,112
305,301,106
301,305,112
345,112,301,117,305,112
305,112,330,106
313,106,308,106
333,106,313,106
310,308,117,331,112
328,331,112
308,301,305,301,117,345,117,331,106
313,112,327,117,309,117,331,112
331,112,301,302,331,112
311,301,119,305,112
308,306,117,301,323,301,323,305,343,112
311,331,112
311,112,311,112
313,106,309,313,117,311,307,333,106
328,308,328,333,106
313,331,112
311,106,313,331,309,112
310,311,332,112
307,304,310,325,306,109
305,307,331,106
308,305,112
308,328,331,115
308,329,306,309,312,306,109
312,307,305,307,305,119,311,302,310,304,305,117,307,311,112
301,306,117,305,306,117,323,301,305,306,117,327,305,117,343,120,343,112
333,117,333,106
313,333,103
333,117,333,117,305,313,331,112
311,112,310,333,112
333,305,119,333,119,313,331,117,331,109
332,120,332,119,311,117,307,303,120,330,112
328,117,305,112
313,311,333,112
333,112,333,112
313,106,313,330,333,112
330,332,109
312,306,117,328,109
307,305,120,345,120,305,106
313,308,302,313,331,112
331,331,112
331,112,309,331,112
311,302,306,117,305,112
305,120,302,305,112
305,120,330,106
331,112,302,112
302,334,112
302,305,302,119,311,306,117,119,331,112
311,306,305,106
302,313,333,112
331,117,301,331,117,331,112
308,305,112
331,112,334,117,333,112
333,119,313,333,112
308,331,112
311,305,117,302,301,120,301,302,344,120,308,120,326,305,117,309,302,344,109
326,344,109
305,117,344,308,117,301,308,302,333,106
313,308,331,117,302,331,117,302,305,117,301,305,106
313,308,331,301,120,301,120,331,305,311,331,112
311,302,308,310,306,120,331,117,302,117,308,331,117,331,112
301,305,332,120,305,301,343,117,343,112
325,109,331,117,311,331,112
331,112,308,302,305,331,103
311,331,117,325,331,117,331,112
307,302,306,117,302,306,119,305,119,310,306,101,331,117,305,117,329,112
305,112,301,331,112
305,331,112
325,331,112
331,305,331,305,112
311,305,310,120,305,112
311,112,301,305,117,310,333,302,305,112
311,305,112
309,117,301,305,301,302,305,120,302,106
313,308,333,117,308,305,112
305,117,308,305,331,112
331,112,331,106
313,344,117,344,109
329,109,326,305,117,307,117,333,106
331,106,331,117,302,333,115
307,325,331,302,331,120,330,112
302,305,106
308,333,115
305,301,302,331,112
