5 -1 7 -1 4 -1 6 -1  #SUP: 164
10 -1 4 -1 6 -1 4 -1  #SUP: 164
10 -1 4 -1 5 -1 5 -1 5 -1  #SUP: 164
6 -1 5 -1 6 -1 6 -1 5 -1  #SUP: 164
27 -1 5 -1 6 -1  #SUP: 164
7 -1 4 -1 6 -1 4 -1  #SUP: 164
4 -1 5 -1 5 -1 6 -1 5 -1 4 -1  #SUP: 164
5 -1 5 -1 6 -1 5 -1 7 -1  #SUP: 164
4 -1 7 -1 4 -1 5 -1  #SUP: 164
5 -1 7 -1 5 -1 5 -1 5 -1 4 -1  #SUP: 165
4 -1 4 -1 10 -1 6 -1  #SUP: 165
5 -1 5 -1 5 -1 5 -1 5 -1 7 -1 5 -1  #SUP: 166
8 -1 5 -1 8 -1 5 -1  #SUP: 165
5 -1 7 -1 5 -1 4 -1 4 -1  #SUP: 165
5 -1 5 -1 4 -1 4 -1 5 -1 5 -1 4 -1  #SUP: 165
5 -1 7 -1 6 -1 5 -1 5 -1  #SUP: 167
4 -1 6 -1 4 -1 4 -1 4 -1  #SUP: 168
5 -1 4 -1 6 -1 4 -1 5 -1 5 -1  #SUP: 166
4 -1 5 -1 4 -1 6 -1 4 -1 5 -1  #SUP: 165
5 -1 4 -1 4 -1 5 -1 5 -1 5 -1 5 -1  #SUP: 165
6 -1 10 -1 5 -1 6 -1  #SUP: 166
5 -1 6 -1 5 -1 5 -1 6 -1 5 -1  #SUP: 165
5 -1 5 -1 5 -1 19 -1  #SUP: 165
4 -1 5 -1 5 -1 5 -1 5 -1 5 -1 5 -1 4 -1  #SUP: 166
4 -1 6 -1 4 -1 6 -1 5 -1  #SUP: 169
5 -1 6 -1 5 -1 4 -1 5 -1 5 -1  #SUP: 166
6 -1 5 -1 4 -1 4 -1 6 -1  #SUP: 165
7 -1 4 -1 6 -1 5 -1  #SUP: 166
6 -1 6 -1 8 -1 6 -1  #SUP: 165
5 -1 6 -1 6 -1 7 -1  #SUP: 165
4 -1 4 -1 4 -1 4 -1 5 -1 4 -1  #SUP: 165
4 -1 10 -1 6 -1 4 -1  #SUP: 167
7 -1 4 -1 4 -1 4 -1  #SUP: 168
27 -1 27 -1 27 -1 27 -1  #SUP: 169
5 -1 5 -1 6 -1 6 -1 5 -1 5 -1  #SUP: 170
5 -1 6 -1 5 -1 6 -1 6 -1  #SUP: 166
4 -1 4 -1 9 -1  #SUP: 168
10 -1 5 -1 10 -1 6 -1  #SUP: 165
5 -1 5 -1 5 -1 4 -1 5 -1 5 -1 4 -1 5 -1  #SUP: 166
6 -1 27 -1 5 -1  #SUP: 169
6 -1 5 -1 6 -1 5 -1 5 -1 5 -1  #SUP: 165
5 -1 5 -1 6 -1 4 -1 5 -1 5 -1  #SUP: 169
7 -1 5 -1 4 -1 4 -1 5 -1  #SUP: 171
5 -1 19 -1 6 -1  #SUP: 170
4 -1 5 -1 6 -1 6 -1 4 -1  #SUP: 167
10 -1 5 -1 5 -1 5 -1 5 -1 4 -1  #SUP: 166
5 -1 8 -1 5 -1 6 -1  #SUP: 165
5 -1 4 -1 6 -1 4 -1 5 -1 4 -1  #SUP: 171
5 -1 5 -1 5 -1 5 -1 6 -1 5 -1 4 -1  #SUP: 166
7 -1 5 -1 5 -1 5 -1 7 -1  #SUP: 169
4 -1 5 -1 4 -1 5 -1 7 -1  #SUP: 170
4 -1 6 -1 5 -1 4 -1 5 -1 5 -1  #SUP: 171
5 -1 6 -1 6 -1 5 -1 6 -1  #SUP: 167
6 -1 5 -1 6 -1 7 -1  #SUP: 166
5 -1 5 -1 4 -1 7 -1 5 -1  #SUP: 165
5 -1 5 -1 4 -1 5 -1 10 -1  #SUP: 168
5 -1 6 -1 4 -1 6 -1 5 -1  #SUP: 166
5 -1 4 -1 6 -1 10 -1  #SUP: 165
10 -1 4 -1 5 -1 5 -1 4 -1  #SUP: 166
5 -1 6 -1 4 -1 4 -1 4 -1  #SUP: 166
4 -1 6 -1 4 -1 5 -1 6 -1  #SUP: 166
10 -1 5 -1 5 -1 4 -1 5 -1 4 -1  #SUP: 165
5 -1 7 -1 4 -1 5 -1 4 -1  #SUP: 166
5 -1 5 -1 7 -1 5 -1 7 -1  #SUP: 168
5 -1 27 -1 4 -1  #SUP: 167
4 -1 5 -1 19 -1  #SUP: 168
4 -1 5 -1 4 -1 6 -1 5 -1 5 -1  #SUP: 168
6 -1 7 -1 27 -1  #SUP: 169
5 -1 6 -1 5 -1 10 -1  #SUP: 171
6 -1 7 -1 5 -1 5 -1 5 -1  #SUP: 181
4 -1 4 -1 10 -1 4 -1  #SUP: 182
4 -1 6 -1 5 -1 5 -1 4 -1 5 -1  #SUP: 171
6 -1 4 -1 6 -1 4 -1 5 -1  #SUP: 168
5 -1 5 -1 5 -1 5 -1 5 -1 5 -1 5 -1 5 -1 5 -1 5 -1  #SUP: 174
5 -1 5 -1 4 -1 6 -1 4 -1 5 -1  #SUP: 169
6 -1 5 -1 4 -1 5 -1 4 -1 4 -1  #SUP: 165
5 -1 5 -1 4 -1 5 -1 5 -1 5 -1 5 -1 4 -1  #SUP: 169
5 -1 6 -1 8 -1 6 -1  #SUP: 167
4 -1 5 -1 6 -1 5 -1 6 -1  #SUP: 175
5 -1 5 -1 4 -1 5 -1 5 -1 4 -1 4 -1  #SUP: 170
4 -1 4 -1 4 -1 6 -1 4 -1  #SUP: 170
4 -1 5 -1 4 -1 6 -1 5 -1 4 -1  #SUP: 170
5 -1 5 -1 5 -1 6 -1 5 -1 6 -1  #SUP: 166
4 -1 7 -1 6 -1 5 -1  #SUP: 170
5 -1 5 -1 6 -1 5 -1 4 -1 5 -1  #SUP: 177
6 -1 4 -1 4 -1 4 -1 5 -1  #SUP: 176
5 -1 7 -1 5 -1 6 -1 5 -1  #SUP: 174
6 -1 5 -1 9 -1  #SUP: 172
4 -1 5 -1 5 -1 4 -1 6 -1 4 -1  #SUP: 170
5 -1 4 -1 4 -1 6 -1 6 -1  #SUP: 167
5 -1 4 -1 5 -1 4 -1 4 -1 5 -1 4 -1  #SUP: 172
4 -1 6 -1 7 -1 5 -1  #SUP: 169
4 -1 7 -1 7 -1  #SUP: 177
5 -1 5 -1 4 -1 4 -1 4 -1 4 -1  #SUP: 167
5 -1 5 -1 5 -1 4 -1 5 -1 4 -1 5 -1 4 -1  #SUP: 167
5 -1 5 -1 5 -1 7 -1 7 -1  #SUP: 173
5 -1 5 -1 6 -1 5 -1 5 -1 6 -1  #SUP: 173
5 -1 5 -1 4 -1 5 -1 5 -1 5 -1 5 -1 5 -1  #SUP: 171
4 -1 4 -1 4 -1 5 -1 6 -1  #SUP: 168
5 -1 5 -1 8 -1 4 -1  #SUP: 170
7 -1 5 -1 8 -1  #SUP: 170
5 -1 5 -1 6 -1 6 -1 6 -1  #SUP: 179
6 -1 6 -1 6 -1 5 -1 5 -1  #SUP: 177
10 -1 6 -1 5 -1 4 -1  #SUP: 180
4 -1 5 -1 5 -1 5 -1 10 -1  #SUP: 173
9 -1 4 -1 5 -1  #SUP: 168
5 -1 5 -1 5 -1 5 -1 5 -1 5 -1 5 -1 6 -1  #SUP: 169
5 -1 10 -1 4 -1 5 -1 4 -1  #SUP: 169
5 -1 6 -1 5 -1 6 -1 4 -1  #SUP: 174
7 -1 6 -1 4 -1 4 -1  #SUP: 173
5 -1 6 -1 6 -1 5 -1 5 -1 5 -1  #SUP: 167
4 -1 5 -1 4 -1 10 -1 5 -1  #SUP: 170
5 -1 5 -1 5 -1 4 -1 7 -1  #SUP: 173
5 -1 31 -1 4 -1  #SUP: 168
5 -1 5 -1 10 -1 5 -1 5 -1 5 -1  #SUP: 171
5 -1 5 -1 5 -1 5 -1 4 -1 5 -1 4 -1 5 -1  #SUP: 165
5 -1 5 -1 5 -1 5 -1 5 -1 4 -1 5 -1 5 -1  #SUP: 182
4 -1 4 -1 4 -1 5 -1 4 -1 4 -1  #SUP: 167
4 -1 6 -1 6 -1 4 -1 5 -1  #SUP: 170
5 -1 5 -1 5 -1 4 -1 5 -1 4 -1 5 -1 5 -1  #SUP: 168
4 -1 10 -1 4 -1 6 -1  #SUP: 168
6 -1 5 -1 5 -1 4 -1 5 -1 5 -1  #SUP: 189
8 -1 8 -1 4 -1  #SUP: 166
5 -1 7 -1 5 -1 5 -1 7 -1  #SUP: 166
4 -1 4 -1 5 -1 5 -1 5 -1 5 -1 4 -1  #SUP: 165
4 -1 10 -1 6 -1 5 -1  #SUP: 166
6 -1 4 -1 5 -1 5 -1 4 -1 5 -1  #SUP: 181
4 -1 5 -1 5 -1 5 -1 6 -1 4 -1  #SUP: 177
5 -1 10 -1 5 -1 7 -1  #SUP: 171
6 -1 10 -1 10 -1  #SUP: 181
4 -1 5 -1 6 -1 5 -1 5 -1 5 -1  #SUP: 172
5 -1 5 -1 5 -1 4 -1 5 -1 5 -1 5 -1 4 -1  #SUP: 173
8 -1 5 -1 10 -1  #SUP: 169
5 -1 10 -1 5 -1 4 -1 4 -1  #SUP: 177
5 -1 4 -1 4 -1 4 -1 5 -1 5 -1  #SUP: 179
4 -1 27 -1 5 -1  #SUP: 171
5 -1 4 -1 6 -1 7 -1  #SUP: 171
5 -1 5 -1 5 -1 4 -1 4 -1 6 -1  #SUP: 173
4 -1 10 -1 5 -1 10 -1  #SUP: 176
5 -1 10 -1 5 -1 5 -1 5 -1 5 -1  #SUP: 186
6 -1 4 -1 7 -1  #SUP: 190
4 -1 5 -1 5 -1 5 -1 4 -1 6 -1  #SUP: 191
5 -1 7 -1 7 -1 5 -1  #SUP: 216
5 -1 6 -1 5 -1 5 -1 5 -1 6 -1  #SUP: 172
5 -1 5 -1 7 -1 5 -1 6 -1  #SUP: 181
10 -1 5 -1 5 -1 5 -1 6 -1  #SUP: 170
4 -1 4 -1 8 -1  #SUP: 175
7 -1 5 -1 10 -1 5 -1  #SUP: 176
6 -1 27 -1 6 -1  #SUP: 174
6 -1 5 -1 5 -1 5 -1 4 -1 4 -1  #SUP: 172
7 -1 5 -1 6 -1 5 -1 5 -1  #SUP: 172
8 -1 6 -1 5 -1 4 -1  #SUP: 177
6 -1 6 -1 5 -1 7 -1  #SUP: 166
5 -1 4 -1 6 -1 5 -1 6 -1  #SUP: 179
5 -1 4 -1 10 -1 5 -1 5 -1  #SUP: 180
5 -1 5 -1 6 -1 7 -1 5 -1  #SUP: 176
5 -1 27 -1 6 -1  #SUP: 189
10 -1 4 -1 4 -1 4 -1  #SUP: 175
4 -1 5 -1 5 -1 4 -1 4 -1 4 -1  #SUP: 187
5 -1 5 -1 27 -1 27 -1  #SUP: 176
4 -1 5 -1 5 -1 5 -1 5 -1 5 -1 5 -1 5 -1  #SUP: 183
5 -1 4 -1 5 -1 5 -1 4 -1 4 -1 5 -1  #SUP: 170
6 -1 5 -1 4 -1 4 -1 4 -1  #SUP: 185
3 -1 5 -1 5 -1  #SUP: 178
8 -1 7 -1 5 -1  #SUP: 177
6 -1 8 -1 6 -1 6 -1  #SUP: 166
5 -1 4 -1 5 -1 6 -1 5 -1 4 -1  #SUP: 167
5 -1 5 -1 2 -1  #SUP: 172
5 -1 4 -1 5 -1 5 -1 5 -1 4 -1 4 -1  #SUP: 171
5 -1 6 -1 5 -1 4 -1 4 -1  #SUP: 196
5 -1 5 -1 4 -1 5 -1 5 -1 5 -1 4 -1  #SUP: 207
5 -1 7 -1 6 -1 6 -1  #SUP: 192
6 -1 10 -1 5 -1 4 -1  #SUP: 191
10 -1 5 -1 5 -1 10 -1  #SUP: 191
10 -1 5 -1 6 -1 4 -1  #SUP: 176
10 -1 4 -1 10 -1  #SUP: 192
5 -1 5 -1 4 -1 6 -1 5 -1 5 -1  #SUP: 173
8 -1 5 -1 4 -1 4 -1  #SUP: 171
6 -1 5 -1 4 -1 6 -1 5 -1  #SUP: 175
5 -1 6 -1 6 -1 4 -1 5 -1  #SUP: 173
7 -1 5 -1 5 -1 5 -1 5 -1 4 -1  #SUP: 174
5 -1 4 -1 10 -1 5 -1 4 -1  #SUP: 178
5 -1 4 -1 5 -1 4 -1 5 -1 4 -1 4 -1  #SUP: 176
5 -1 5 -1 5 -1 5 -1 4 -1 5 -1 5 -1 4 -1  #SUP: 170
5 -1 4 -1 5 -1 4 -1 6 -1 5 -1  #SUP: 172
8 -1 5 -1 5 -1 5 -1 5 -1  #SUP: 196
4 -1 5 -1 4 -1 5 -1 5 -1 4 -1 5 -1  #SUP: 189
6 -1 5 -1 5 -1 5 -1 7 -1  #SUP: 179
5 -1 4 -1 5 -1 5 -1 10 -1  #SUP: 168
6 -1 5 -1 5 -1 5 -1 5 -1 5 -1 5 -1 5 -1  #SUP: 170
6 -1 5 -1 6 -1 4 -1 5 -1  #SUP: 169
4 -1 5 -1 5 -1 4 -1 5 -1 6 -1  #SUP: 176
8 -1 4 -1 5 -1 5 -1  #SUP: 175
5 -1 4 -1 4 -1 5 -1 4 -1 5 -1 4 -1  #SUP: 175
6 -1 6 -1 9 -1  #SUP: 174
8 -1 5 -1 6 -1 5 -1  #SUP: 176
4 -1 6 -1 5 -1 4 -1 5 -1 4 -1  #SUP: 172
5 -1 4 -1 6 -1 5 -1 5 -1 4 -1  #SUP: 176
4 -1 5 -1 5 -1 4 -1 5 -1 4 -1 4 -1  #SUP: 168
5 -1 5 -1 5 -1 4 -1 4 -1 5 -1 5 -1  #SUP: 179
8 -1 8 -1 8 -1  #SUP: 179
5 -1 7 -1 4 -1 5 -1 5 -1  #SUP: 170
5 -1 5 -1 5 -1 6 -1 7 -1  #SUP: 171
5 -1 5 -1 5 -1 5 -1 4 -1 5 -1 5 -1 5 -1  #SUP: 179
5 -1 5 -1 7 -1 6 -1 5 -1  #SUP: 182
6 -1 8 -1 5 -1 5 -1  #SUP: 181
31 -1 5 -1 5 -1  #SUP: 181
4 -1 4 -1 6 -1 4 -1 5 -1  #SUP: 202
5 -1 5 -1 5 -1 10 -1 5 -1 5 -1  #SUP: 184
4 -1 6 -1 4 -1 5 -1 5 -1 5 -1  #SUP: 175
7 -1 5 -1 27 -1  #SUP: 173
4 -1 6 -1 5 -1 6 -1 5 -1  #SUP: 170
10 -1 5 -1 4 -1 5 -1 5 -1  #SUP: 188
5 -1 5 -1 6 -1 5 -1 5 -1 4 -1  #SUP: 187
5 -1 6 -1 5 -1 5 -1 5 -1 4 -1  #SUP: 176
6 -1 6 -1 5 -1 4 -1 4 -1  #SUP: 170
7 -1 5 -1 5 -1 5 -1 5 -1 5 -1 5 -1  #SUP: 177
4 -1 7 -1 5 -1 5 -1 5 -1  #SUP: 179
6 -1 5 -1 4 -1 5 -1 6 -1  #SUP: 191
6 -1 5 -1 5 -1 6 -1 4 -1  #SUP: 178
4 -1 5 -1 5 -1 6 -1 5 -1 5 -1  #SUP: 178
7 -1 4 -1 5 -1 4 -1 5 -1  #SUP: 169
5 -1 5 -1 4 -1 4 -1 5 -1 4 -1 5 -1  #SUP: 168
4 -1 5 -1 4 -1 5 -1 4 -1 5 -1 5 -1  #SUP: 185
5 -1 4 -1 4 -1 7 -1  #SUP: 171
4 -1 5 -1 5 -1 4 -1 6 -1 5 -1  #SUP: 177
5 -1 5 -1 5 -1 5 -1 5 -1 10 -1  #SUP: 177
6 -1 10 -1 5 -1 5 -1  #SUP: 222
5 -1 4 -1 7 -1 5 -1 5 -1  #SUP: 168
4 -1 6 -1 9 -1  #SUP: 176
5 -1 10 -1 6 -1 4 -1  #SUP: 176
5 -1 4 -1 7 -1 6 -1  #SUP: 168
6 -1 5 -1 7 -1 6 -1  #SUP: 180
5 -1 5 -1 4 -1 10 -1 5 -1  #SUP: 182
5 -1 5 -1 5 -1 4 -1 6 -1 5 -1  #SUP: 184
4 -1 6 -1 4 -1 5 -1 5 -1 4 -1  #SUP: 169
5 -1 4 -1 7 -1 4 -1  #SUP: 177
4 -1 5 -1 5 -1 5 -1 5 -1 4 -1 4 -1  #SUP: 171
4 -1 4 -1 7 -1 5 -1  #SUP: 176
5 -1 5 -1 10 -1 4 -1 5 -1  #SUP: 172
6 -1 5 -1 6 -1 5 -1 6 -1  #SUP: 172
5 -1 5 -1 5 -1 4 -1 5 -1 5 -1 5 -1 5 -1  #SUP: 171
6 -1 27 -1 27 -1  #SUP: 170
5 -1 4 -1 5 -1 5 -1 4 -1 5 -1 5 -1  #SUP: 199
27 -1 27 -1 6 -1  #SUP: 191
5 -1 5 -1 7 -1 5 -1 5 -1 5 -1 5 -1  #SUP: 168
5 -1 5 -1 5 -1 5 -1 5 -1 4 -1 5 -1 4 -1  #SUP: 176
5 -1 4 -1 5 -1 4 -1 5 -1 6 -1  #SUP: 180
4 -1 5 -1 9 -1  #SUP: 192
5 -1 5 -1 4 -1 5 -1 4 -1 5 -1 5 -1 5 -1  #SUP: 165
5 -1 5 -1 4 -1 4 -1 4 -1 5 -1  #SUP: 188
7 -1 5 -1 5 -1 5 -1 5 -1 5 -1  #SUP: 218
5 -1 10 -1 4 -1 6 -1  #SUP: 167
8 -1 5 -1 7 -1  #SUP: 185
5 -1 6 -1 27 -1  #SUP: 190
5 -1 5 -1 4 -1 7 -1  #SUP: 221
5 -1 4 -1 5 -1 5 -1 6 -1 4 -1  #SUP: 178
4 -1 5 -1 10 -1 6 -1  #SUP: 178
6 -1 5 -1 6 -1 4 -1  #SUP: 251
27 -1 6 -1 5 -1  #SUP: 192
5 -1 4 -1 4 -1 4 -1 5 -1 4 -1  #SUP: 198
5 -1 5 -1 5 -1 10 -1 4 -1  #SUP: 175
5 -1 5 -1 5 -1 4 -1 5 -1 6 -1  #SUP: 190
4 -1 5 -1 7 -1 5 -1 5 -1  #SUP: 212
5 -1 6 -1 5 -1 5 -1 4 -1 5 -1  #SUP: 175
4 -1 6 -1 10 -1 5 -1  #SUP: 183
5 -1 5 -1 5 -1 7 -1 5 -1 5 -1 5 -1  #SUP: 172
5 -1 27 -1 7 -1  #SUP: 177
4 -1 4 -1 5 -1 5 -1 4 -1 4 -1  #SUP: 184
6 -1 5 -1 4 -1 5 -1 5 -1 4 -1  #SUP: 196
5 -1 5 -1 10 -1 5 -1 4 -1  #SUP: 214
5 -1 6 -1 8 -1 5 -1  #SUP: 174
5 -1 6 -1 4 -1 5 -1 5 -1 5 -1  #SUP: 178
7 -1 4 -1 5 -1 5 -1 4 -1  #SUP: 172
6 -1 5 -1 4 -1 4 -1  #SUP: 308
4 -1 4 -1 6 -1 5 -1 4 -1  #SUP: 213
7 -1 5 -1 5 -1 7 -1 5 -1  #SUP: 181
4 -1 4 -1 5 -1 7 -1  #SUP: 200
4 -1 5 -1 5 -1 4 -1 4 -1 5 -1  #SUP: 220
5 -1 6 -1 5 -1 5 -1 4 -1  #SUP: 244
5 -1 7 -1 5 -1 7 -1  #SUP: 227
4 -1 5 -1 27 -1  #SUP: 192
4 -1 5 -1 4 -1 5 -1 5 -1 5 -1 4 -1  #SUP: 193
5 -1 6 -1 6 -1 5 -1 4 -1  #SUP: 195
8 -1 5 -1 4 -1 5 -1  #SUP: 200
5 -1 5 -1 5 -1 5 -1 4 -1 6 -1  #SUP: 216
5 -1 5 -1 5 -1 5 -1 6 -1 4 -1  #SUP: 217
4 -1 5 -1 10 -1 5 -1 5 -1  #SUP: 194
8 -1 4 -1 5 -1 4 -1  #SUP: 179
5 -1 5 -1 5 -1 4 -1 5 -1 4 -1 4 -1  #SUP: 192
5 -1 4 -1 5 -1 4 -1 5 -1 5 -1 4 -1  #SUP: 196
7 -1 7 -1 5 -1 5 -1  #SUP: 219
5 -1 8 -1 4 -1  #SUP: 239
4 -1 6 -1 6 -1 6 -1  #SUP: 230
5 -1 8 -1 6 -1 5 -1  #SUP: 176
6 -1 6 -1 4 -1 5 -1 4 -1  #SUP: 179
7 -1 5 -1 5 -1 4 -1 4 -1  #SUP: 181
4 -1 8 -1 4 -1  #SUP: 206
5 -1 4 -1 6 -1 6 -1 4 -1  #SUP: 190
4 -1 5 -1 5 -1 4 -1 5 -1 5 -1 4 -1  #SUP: 190
5 -1 5 -1 10 -1 10 -1  #SUP: 175
5 -1 4 -1 4 -1 6 -1 5 -1  #SUP: 202
9 -1 5 -1 5 -1 5 -1  #SUP: 181
5 -1 5 -1 19 -1  #SUP: 221
7 -1 6 -1 5 -1 6 -1  #SUP: 181
6 -1 7 -1 6 -1 5 -1  #SUP: 176
5 -1 5 -1 7 -1 7 -1 5 -1  #SUP: 168
7 -1 6 -1 6 -1 5 -1  #SUP: 183
4 -1 6 -1 5 -1 4 -1  #SUP: 342
7 -1 5 -1 6 -1 5 -1  #SUP: 252
5 -1 4 -1 4 -1 5 -1 4 -1 4 -1  #SUP: 198
5 -1 4 -1 5 -1 5 -1 6 -1 5 -1  #SUP: 187
4 -1 4 -1 6 -1 5 -1 5 -1  #SUP: 205
4 -1 5 -1 5 -1 4 -1 5 -1 4 -1 5 -1  #SUP: 199
27 -1 27 -1 7 -1  #SUP: 197
6 -1 4 -1 6 -1 5 -1 5 -1  #SUP: 180
7 -1 27 -1 27 -1  #SUP: 226
6 -1 6 -1 6 -1 4 -1  #SUP: 219
5 -1 5 -1 5 -1 4 -1 4 -1 5 -1  #SUP: 241
6 -1 5 -1 5 -1 5 -1 6 -1 5 -1  #SUP: 178
5 -1 5 -1 6 -1 5 -1 4 -1  #SUP: 266
10 -1 5 -1 4 -1 6 -1  #SUP: 190
4 -1 5 -1 5 -1 10 -1 5 -1  #SUP: 185
10 -1 10 -1 5 -1 4 -1  #SUP: 175
6 -1 5 -1 7 -1 5 -1 5 -1  #SUP: 173
8 -1 8 -1 5 -1  #SUP: 240
6 -1 5 -1 5 -1 5 -1 5 -1 4 -1  #SUP: 213
8 -1 6 -1 5 -1 5 -1  #SUP: 193
5 -1 5 -1 6 -1 4 -1 4 -1  #SUP: 211
5 -1 5 -1 5 -1 5 -1 10 -1 5 -1  #SUP: 181
5 -1 4 -1 6 -1 4 -1 4 -1  #SUP: 210
4 -1 5 -1 4 -1 4 -1 5 -1 5 -1  #SUP: 212
4 -1 4 -1 5 -1 4 -1 5 -1 4 -1 5 -1  #SUP: 171
5 -1 7 -1 5 -1 5 -1 5 -1 5 -1 5 -1  #SUP: 168
4 -1 5 -1 6 -1 4 -1 6 -1  #SUP: 169
5 -1 5 -1 4 -1 5 -1 5 -1 5 -1 5 -1  #SUP: 221
6 -1 7 -1 5 -1 6 -1  #SUP: 182
6 -1 5 -1 5 -1 6 -1 5 -1 5 -1  #SUP: 173
5 -1 5 -1 5 -1 5 -1 5 -1 5 -1 7 -1  #SUP: 182
5 -1 5 -1 5 -1 5 -1 4 -1 4 -1  #SUP: 262
5 -1 4 -1 5 -1 5 -1 4 -1 5 -1  #SUP: 277
6 -1 4 -1 4 -1 5 -1 4 -1  #SUP: 215
5 -1 5 -1 10 -1 6 -1  #SUP: 213
7 -1 4 -1 4 -1 5 -1  #SUP: 194
6 -1 8 -1 4 -1  #SUP: 217
4 -1 5 -1 5 -1 5 -1 5 -1 6 -1  #SUP: 196
7 -1 10 -1 5 -1  #SUP: 208
5 -1 5 -1 8 -1 5 -1  #SUP: 226
4 -1 10 -1 5 -1 4 -1  #SUP: 245
5 -1 6 -1 4 -1 4 -1 5 -1  #SUP: 183
5 -1 4 -1 5 -1 5 -1 5 -1 5 -1  #SUP: 290
6 -1 5 -1 10 -1  #SUP: 260
4 -1 5 -1 4 -1 6 -1 4 -1  #SUP: 245
4 -1 6 -1 5 -1 5 -1 6 -1  #SUP: 197
5 -1 5 -1 5 -1 7 -1 5 -1 4 -1  #SUP: 175
4 -1 4 -1 5 -1 5 -1 5 -1 5 -1 5 -1  #SUP: 180
4 -1 5 -1 4 -1 5 -1 5 -1 4 -1  #SUP: 268
5 -1 5 -1 4 -1 5 -1 7 -1  #SUP: 192
5 -1 4 -1 10 -1 4 -1  #SUP: 200
10 -1 7 -1 5 -1  #SUP: 195
7 -1 5 -1 7 -1 5 -1 5 -1  #SUP: 181
5 -1 5 -1 5 -1 10 -1  #SUP: 300
5 -1 7 -1 7 -1  #SUP: 301
4 -1 4 -1 5 -1 6 -1 4 -1  #SUP: 182
5 -1 7 -1 10 -1  #SUP: 184
5 -1 5 -1 5 -1 7 -1 6 -1  #SUP: 207
4 -1 7 -1 5 -1 4 -1  #SUP: 209
5 -1 5 -1 4 -1 6 -1 5 -1 4 -1  #SUP: 186
6 -1 5 -1 5 -1 4 -1 5 -1 4 -1  #SUP: 189
5 -1 5 -1 5 -1 6 -1 5 -1 5 -1 5 -1  #SUP: 176
6 -1 5 -1 4 -1 6 -1 4 -1  #SUP: 180
10 -1 5 -1 4 -1 5 -1 4 -1  #SUP: 206
4 -1 9 -1 5 -1  #SUP: 196
10 -1 5 -1 5 -1 4 -1 5 -1  #SUP: 204
8 -1 4 -1 4 -1  #SUP: 223
5 -1 5 -1 5 -1 6 -1 5 -1 4 -1  #SUP: 198
4 -1 5 -1 10 -1 5 -1 4 -1  #SUP: 179
10 -1 10 -1 5 -1 5 -1  #SUP: 195
5 -1 4 -1 6 -1 5 -1 4 -1 5 -1  #SUP: 169
5 -1 4 -1 5 -1 4 -1 6 -1 4 -1  #SUP: 173
5 -1 7 -1 5 -1 7 -1 5 -1  #SUP: 173
5 -1 6 -1 7 -1 6 -1  #SUP: 175
4 -1 7 -1 4 -1  #SUP: 241
4 -1 4 -1 5 -1 6 -1 5 -1  #SUP: 185
7 -1 7 -1 27 -1  #SUP: 190
4 -1 6 -1 5 -1 5 -1 4 -1  #SUP: 240
5 -1 4 -1 4 -1 10 -1  #SUP: 193
8 -1 5 -1 5 -1 6 -1  #SUP: 183
6 -1 6 -1 4 -1  #SUP: 392
6 -1 7 -1 5 -1 4 -1  #SUP: 202
4 -1 6 -1 5 -1 4 -1 5 -1  #SUP: 229
6 -1 6 -1 10 -1  #SUP: 233
4 -1 4 -1 4 -1 5 -1 5 -1 4 -1  #SUP: 186
5 -1 4 -1 5 -1 6 -1 5 -1 5 -1  #SUP: 175
19 -1 5 -1 5 -1  #SUP: 213
5 -1 5 -1 5 -1 27 -1  #SUP: 204
5 -1 10 -1 5 -1 10 -1 5 -1  #SUP: 177
5 -1 5 -1 8 -1 6 -1  #SUP: 184
6 -1 5 -1 5 -1 5 -1 5 -1 6 -1  #SUP: 190
6 -1 6 -1 5 -1 5 -1 6 -1  #SUP: 186
4 -1 4 -1 5 -1 4 -1 5 -1 4 -1  #SUP: 238
5 -1 7 -1 4 -1 4 -1  #SUP: 192
10 -1 5 -1 10 -1 4 -1  #SUP: 184
5 -1 6 -1 4 -1 6 -1 4 -1  #SUP: 177
6 -1 5 -1 5 -1 7 -1 5 -1  #SUP: 173
4 -1 6 -1 6 -1 5 -1 5 -1  #SUP: 199
5 -1 4 -1 10 -1 6 -1  #SUP: 171
4 -1 5 -1 5 -1 4 -1 5 -1 5 -1 5 -1  #SUP: 198
5 -1 4 -1 5 -1 5 -1 5 -1 5 -1 4 -1  #SUP: 210
6 -1 6 -1 4 -1 5 -1  #SUP: 249
5 -1 10 -1 4 -1 4 -1  #SUP: 197
5 -1 4 -1 5 -1 10 -1 5 -1  #SUP: 187
7 -1 7 -1 4 -1  #SUP: 202
5 -1 5 -1 6 -1 8 -1  #SUP: 181
5 -1 5 -1 4 -1 5 -1 5 -1 6 -1  #SUP: 187
4 -1 10 -1 5 -1 5 -1  #SUP: 247
7 -1 27 -1 7 -1  #SUP: 211
7 -1 6 -1 5 -1 5 -1 5 -1  #SUP: 189
5 -1 5 -1 5 -1 5 -1 6 -1 6 -1  #SUP: 194
7 -1 5 -1 5 -1 6 -1 5 -1  #SUP: 176
7 -1 5 -1 6 -1 4 -1  #SUP: 209
5 -1 4 -1 5 -1 4 -1 4 -1 5 -1  #SUP: 227
10 -1 5 -1 7 -1 5 -1  #SUP: 174
5 -1 7 -1 5 -1 5 -1 6 -1  #SUP: 184
5 -1 4 -1 5 -1 4 -1 5 -1 4 -1 5 -1  #SUP: 204
4 -1 5 -1 5 -1 5 -1 6 -1 5 -1  #SUP: 188
4 -1 4 -1 5 -1 10 -1  #SUP: 193
4 -1 5 -1 5 -1 5 -1 4 -1 5 -1 5 -1  #SUP: 194
4 -1 4 -1 4 -1 5 -1 4 -1 5 -1  #SUP: 189
7 -1 5 -1 7 -1 6 -1  #SUP: 181
27 -1 4 -1 5 -1  #SUP: 182
5 -1 6 -1 5 -1 4 -1 5 -1  #SUP: 230
27 -1 5 -1 5 -1 5 -1  #SUP: 187
6 -1 7 -1 7 -1  #SUP: 202
5 -1 4 -1 5 -1 5 -1 5 -1 6 -1  #SUP: 199
6 -1 5 -1 5 -1 10 -1  #SUP: 180
5 -1 5 -1 6 -1 5 -1 6 -1  #SUP: 235
27 -1 7 -1 27 -1  #SUP: 196
5 -1 5 -1 6 -1 6 -1 4 -1  #SUP: 198
5 -1 4 -1 5 -1 5 -1 7 -1  #SUP: 201
6 -1 4 -1 5 -1 4 -1 5 -1 4 -1  #SUP: 184
10 -1 6 -1 5 -1 5 -1  #SUP: 184
7 -1 5 -1 5 -1 7 -1  #SUP: 238
5 -1 5 -1 6 -1 4 -1 5 -1 4 -1  #SUP: 175
5 -1 4 -1 5 -1 5 -1 4 -1 5 -1 4 -1  #SUP: 207
5 -1 10 -1 5 -1 5 -1 6 -1  #SUP: 171
4 -1 4 -1 4 -1 4 -1 4 -1  #SUP: 189
10 -1 5 -1 5 -1 4 -1 4 -1  #SUP: 188
10 -1 5 -1 5 -1 5 -1 5 -1 5 -1  #SUP: 190
27 -1 5 -1 4 -1  #SUP: 200
7 -1 6 -1 4 -1 5 -1  #SUP: 198
4 -1 10 -1 5 -1 6 -1  #SUP: 181
6 -1 5 -1 5 -1 7 -1  #SUP: 225
5 -1 6 -1 5 -1 4 -1 6 -1  #SUP: 182
5 -1 4 -1 4 -1 4 -1 6 -1  #SUP: 178
4 -1 5 -1 10 -1 5 -1  #SUP: 252
10 -1 4 -1 6 -1  #SUP: 243
5 -1 5 -1 7 -1 4 -1 5 -1  #SUP: 176
8 -1 5 -1 8 -1  #SUP: 239
4 -1 5 -1 4 -1 4 -1 4 -1 5 -1  #SUP: 180
7 -1 4 -1 5 -1 5 -1 5 -1  #SUP: 190
6 -1 5 -1 6 -1 6 -1  #SUP: 244
6 -1 6 -1 5 -1 5 -1 5 -1 5 -1  #SUP: 183
5 -1 5 -1 5 -1 6 -1 6 -1 5 -1  #SUP: 173
5 -1 7 -1 7 -1 6 -1  #SUP: 174
4 -1 5 -1 4 -1 5 -1 5 -1 6 -1  #SUP: 181
4 -1 5 -1 7 -1 5 -1 4 -1  #SUP: 181
6 -1 5 -1 10 -1 5 -1  #SUP: 194
4 -1 5 -1 6 -1 4 -1 4 -1  #SUP: 184
4 -1 4 -1 10 -1 5 -1  #SUP: 209
5 -1 7 -1 6 -1 4 -1  #SUP: 199
5 -1 4 -1 6 -1 5 -1 5 -1 5 -1  #SUP: 187
27 -1 7 -1 6 -1  #SUP: 179
5 -1 6 -1 9 -1  #SUP: 182
5 -1 5 -1 6 -1 10 -1  #SUP: 193
5 -1 5 -1 6 -1 4 -1 6 -1  #SUP: 194
6 -1 4 -1 5 -1 4 -1 4 -1  #SUP: 215
10 -1 5 -1 6 -1 5 -1  #SUP: 204
4 -1 10 -1 4 -1 4 -1  #SUP: 190
5 -1 8 -1 5 -1 4 -1  #SUP: 179
5 -1 7 -1 5 -1 5 -1 5 -1 5 -1  #SUP: 213
5 -1 5 -1 4 -1 5 -1 6 -1 4 -1  #SUP: 179
5 -1 5 -1 4 -1 6 -1 6 -1  #SUP: 198
6 -1 6 -1 7 -1 5 -1  #SUP: 177
9 -1 5 -1 6 -1  #SUP: 185
4 -1 5 -1 4 -1 5 -1 4 -1 5 -1 4 -1  #SUP: 211
5 -1 5 -1 5 -1 4 -1 6 -1 4 -1  #SUP: 190
5 -1 5 -1 10 -1 5 -1 5 -1  #SUP: 249
4 -1 5 -1 5 -1 5 -1 5 -1 5 -1 4 -1  #SUP: 204
5 -1 5 -1 5 -1 4 -1 5 -1 5 -1 4 -1  #SUP: 218
6 -1 4 -1 6 -1 5 -1  #SUP: 254
10 -1 4 -1 5 -1 5 -1  #SUP: 215
5 -1 4 -1 5 -1 5 -1 5 -1 5 -1 5 -1 5 -1  #SUP: 178
5 -1 5 -1 5 -1 5 -1 5 -1 5 -1 4 -1 5 -1  #SUP: 195
5 -1 5 -1 5 -1 4 -1 10 -1  #SUP: 178
5 -1 5 -1 31 -1  #SUP: 219
5 -1 5 -1 5 -1 5 -1 7 -1 5 -1  #SUP: 222
5 -1 5 -1 5 -1 5 -1 4 -1 5 -1 4 -1  #SUP: 228
5 -1 10 -1 6 -1 5 -1  #SUP: 200
7 -1 5 -1 4 -1 5 -1 5 -1 5 -1  #SUP: 165
4 -1 5 -1 5 -1 5 -1 4 -1 4 -1 5 -1  #SUP: 167
4 -1 6 -1 6 -1 5 -1 4 -1  #SUP: 189
5 -1 5 -1 5 -1 6 -1 5 -1 5 -1  #SUP: 227
5 -1 6 -1 5 -1 5 -1 5 -1 5 -1  #SUP: 235
4 -1 6 -1 4 -1 5 -1 5 -1  #SUP: 226
7 -1 27 -1 6 -1  #SUP: 196
7 -1 5 -1 7 -1 5 -1  #SUP: 250
5 -1 4 -1 5 -1 6 -1 5 -1  #SUP: 244
6 -1 5 -1 4 -1 5 -1 5 -1 5 -1  #SUP: 207
5 -1 5 -1 4 -1 4 -1  #SUP: 466
5 -1 5 -1 4 -1 5 -1  #SUP: 571
5 -1 5 -1 4 -1  #SUP: 866
5 -1 5 -1 4 -1 6 -1  #SUP: 389
4 -1 5 -1 6 -1 4 -1 5 -1  #SUP: 212
6 -1 6 -1 6 -1 5 -1  #SUP: 240
5 -1 4 -1 4 -1  #SUP: 662
5 -1 5 -1 4 -1 10 -1  #SUP: 231
8 -1 4 -1 5 -1  #SUP: 257
4 -1 10 -1 6 -1  #SUP: 257
5 -1 4 -1 5 -1  #SUP: 816
4 -1 7 -1 6 -1  #SUP: 238
4 -1 5 -1 4 -1 5 -1 4 -1 5 -1  #SUP: 275
5 -1 7 -1 5 -1 5 -1 5 -1  #SUP: 278
4 -1 5 -1 5 -1 6 -1 6 -1  #SUP: 194
5 -1 4 -1 6 -1 4 -1 6 -1  #SUP: 191
5 -1 4 -1 7 -1 5 -1  #SUP: 223
7 -1 4 -1 4 -1  #SUP: 282
5 -1 4 -1 6 -1  #SUP: 552
5 -1 5 -1 5 -1 10 -1 5 -1  #SUP: 234
5 -1 5 -1 4 -1 5 -1 4 -1 6 -1  #SUP: 196
27 -1 27 -1 5 -1  #SUP: 221
6 -1 9 -1 5 -1  #SUP: 198
5 -1 4 -1 4 -1 4 -1 4 -1  #SUP: 228
5 -1 5 -1 4 -1 5 -1 5 -1 4 -1 5 -1  #SUP: 199
5 -1 5 -1 7 -1 4 -1  #SUP: 253
5 -1 4 -1 7 -1  #SUP: 304
5 -1 5 -1 4 -1 5 -1 4 -1 5 -1 5 -1  #SUP: 206
4 -1 5 -1 5 -1 6 -1 4 -1  #SUP: 223
5 -1 10 -1 5 -1 4 -1 5 -1  #SUP: 194
10 -1 6 -1 10 -1  #SUP: 197
8 -1 6 -1 5 -1  #SUP: 291
6 -1 10 -1 5 -1  #SUP: 306
5 -1 4 -1 4 -1 6 -1 4 -1  #SUP: 215
5 -1 5 -1 9 -1  #SUP: 245
5 -1 4 -1 6 -1 5 -1 4 -1  #SUP: 248
7 -1 7 -1 6 -1  #SUP: 253
9 -1 5 -1 4 -1  #SUP: 261
5 -1 4 -1 9 -1  #SUP: 190
5 -1 5 -1 5 -1 5 -1 4 -1 5 -1 5 -1  #SUP: 233
4 -1 5 -1 5 -1 4 -1 4 -1  #SUP: 309
4 -1 5 -1 5 -1 5 -1 5 -1  #SUP: 395
5 -1 4 -1 8 -1  #SUP: 229
5 -1 4 -1 6 -1 5 -1  #SUP: 349
5 -1 6 -1 5 -1 7 -1  #SUP: 213
5 -1 8 -1 8 -1  #SUP: 205
5 -1 4 -1 10 -1 5 -1  #SUP: 245
5 -1 4 -1 4 -1 4 -1  #SUP: 388
10 -1 5 -1 4 -1 5 -1  #SUP: 263
7 -1 7 -1 5 -1  #SUP: 317
5 -1 4 -1 10 -1  #SUP: 316
5 -1 10 -1 5 -1  #SUP: 481
5 -1 5 -1 5 -1 4 -1 5 -1 5 -1  #SUP: 288
6 -1 4 -1 4 -1  #SUP: 433
6 -1 4 -1 5 -1  #SUP: 504
6 -1 4 -1 6 -1  #SUP: 420
4 -1 5 -1 4 -1 5 -1 5 -1 5 -1 5 -1  #SUP: 202
5 -1 10 -1 6 -1  #SUP: 311
5 -1 6 -1 10 -1 5 -1  #SUP: 197
6 -1 4 -1 10 -1  #SUP: 231
4 -1 5 -1 4 -1 5 -1 4 -1  #SUP: 389
7 -1 5 -1 5 -1 5 -1 5 -1  #SUP: 297
4 -1 5 -1 5 -1 4 -1 5 -1 4 -1  #SUP: 273
4 -1 5 -1 4 -1 5 -1 5 -1  #SUP: 374
5 -1 4 -1 4 -1 5 -1 5 -1  #SUP: 309
10 -1 10 -1 5 -1  #SUP: 285
5 -1 5 -1 8 -1  #SUP: 328
27 -1 27 -1 27 -1  #SUP: 235
10 -1 5 -1 4 -1 4 -1  #SUP: 242
6 -1 5 -1 4 -1 6 -1  #SUP: 283
27 -1 5 -1 5 -1  #SUP: 261
10 -1 6 -1 4 -1  #SUP: 257
4 -1 4 -1 4 -1  #SUP: 553
10 -1 4 -1 4 -1  #SUP: 283
4 -1 4 -1 5 -1  #SUP: 608
5 -1 7 -1 6 -1 5 -1  #SUP: 239
4 -1 4 -1 6 -1  #SUP: 459
5 -1 5 -1 5 -1 6 -1 5 -1  #SUP: 322
4 -1 4 -1 7 -1  #SUP: 234
4 -1 8 -1 5 -1  #SUP: 232
10 -1 5 -1 10 -1 5 -1 5 -1  #SUP: 177
4 -1 5 -1 6 -1 6 -1  #SUP: 262
6 -1 4 -1 5 -1 5 -1 5 -1 4 -1  #SUP: 185
4 -1 6 -1 4 -1 6 -1 4 -1  #SUP: 181
4 -1 4 -1 10 -1  #SUP: 279
4 -1 5 -1 10 -1 4 -1  #SUP: 199
5 -1 5 -1 4 -1 4 -1 6 -1  #SUP: 225
4 -1 5 -1 5 -1 5 -1 4 -1  #SUP: 374
19 -1 5 -1 4 -1  #SUP: 191
4 -1 5 -1 4 -1 4 -1 5 -1 4 -1  #SUP: 233
5 -1 31 -1 5 -1  #SUP: 220
7 -1 6 -1 5 -1 4 -1  #SUP: 214
4 -1 6 -1 5 -1 5 -1 5 -1 4 -1  #SUP: 175
7 -1 5 -1 4 -1 5 -1 4 -1  #SUP: 213
27 -1 7 -1 5 -1  #SUP: 208
4 -1 4 -1 5 -1 4 -1 5 -1 5 -1  #SUP: 221
5 -1 4 -1 5 -1 4 -1 5 -1 5 -1 5 -1  #SUP: 200
6 -1 4 -1 5 -1 5 -1 6 -1  #SUP: 193
5 -1 5 -1 10 -1 5 -1  #SUP: 324
4 -1 5 -1 4 -1 4 -1 5 -1  #SUP: 311
4 -1 5 -1 5 -1 5 -1 5 -1 4 -1 5 -1  #SUP: 197
5 -1 10 -1 7 -1  #SUP: 184
5 -1 10 -1 5 -1 5 -1  #SUP: 332
4 -1 4 -1 5 -1 5 -1 4 -1  #SUP: 311
7 -1 7 -1 5 -1 4 -1  #SUP: 168
4 -1 4 -1 5 -1 4 -1 4 -1 5 -1  #SUP: 190
6 -1 5 -1 4 -1 5 -1 5 -1  #SUP: 264
4 -1 4 -1 5 -1 4 -1 4 -1  #SUP: 270
5 -1 4 -1 5 -1 4 -1  #SUP: 577
5 -1 4 -1 5 -1 5 -1  #SUP: 562
5 -1 4 -1 5 -1 6 -1  #SUP: 355
5 -1 4 -1 5 -1 7 -1  #SUP: 261
6 -1 5 -1 5 -1 4 -1 6 -1  #SUP: 199
6 -1 5 -1 5 -1 6 -1  #SUP: 332
5 -1 4 -1 5 -1 10 -1  #SUP: 235
5 -1 4 -1 5 -1 5 -1 4 -1 6 -1  #SUP: 194
5 -1 10 -1 4 -1 5 -1  #SUP: 215
4 -1 5 -1 5 -1 6 -1 5 -1  #SUP: 250
5 -1 4 -1 6 -1 6 -1 5 -1  #SUP: 207
5 -1 5 -1 5 -1 5 -1 5 -1 4 -1  #SUP: 326
5 -1 27 -1 5 -1  #SUP: 224
4 -1 5 -1 4 -1 5 -1 4 -1 4 -1  #SUP: 230
6 -1 5 -1 5 -1 5 -1 4 -1 5 -1  #SUP: 197
5 -1 5 -1 5 -1 5 -1 5 -1 7 -1  #SUP: 214
5 -1 4 -1 5 -1 4 -1 5 -1 5 -1  #SUP: 276
5 -1 5 -1 4 -1 5 -1 5 -1 5 -1  #SUP: 292
5 -1 6 -1 4 -1 4 -1  #SUP: 278
5 -1 4 -1 5 -1 4 -1 5 -1 4 -1  #SUP: 294
4 -1 5 -1 7 -1 5 -1  #SUP: 271
4 -1 5 -1 4 -1 5 -1 5 -1 5 -1  #SUP: 266
5 -1 5 -1 5 -1  #SUP: 1131
6 -1 7 -1 5 -1 5 -1  #SUP: 242
4 -1 10 -1 5 -1  #SUP: 355
5 -1 5 -1 4 -1 5 -1 4 -1  #SUP: 409
4 -1 4 -1 5 -1 4 -1 6 -1  #SUP: 209
5 -1 6 -1 6 -1 5 -1 5 -1  #SUP: 225
10 -1 5 -1 5 -1 6 -1  #SUP: 232
5 -1 5 -1 5 -1 4 -1 6 -1  #SUP: 281
4 -1 4 -1 6 -1 4 -1 4 -1  #SUP: 182
4 -1 5 -1 6 -1 6 -1 5 -1  #SUP: 192
4 -1 4 -1 4 -1 4 -1  #SUP: 322
5 -1 5 -1 4 -1 5 -1 4 -1 4 -1 5 -1  #SUP: 174
4 -1 4 -1 4 -1 5 -1  #SUP: 367
6 -1 5 -1 5 -1 5 -1  #SUP: 459
5 -1 4 -1 5 -1 4 -1 6 -1  #SUP: 263
5 -1 5 -1 7 -1 6 -1  #SUP: 267
5 -1 8 -1 5 -1 5 -1  #SUP: 210
5 -1 4 -1 4 -1 5 -1 4 -1 5 -1  #SUP: 227
8 -1 5 -1 6 -1  #SUP: 273
4 -1 5 -1 10 -1  #SUP: 322
10 -1 6 -1 5 -1  #SUP: 295
8 -1 5 -1 5 -1 5 -1  #SUP: 261
5 -1 10 -1 4 -1  #SUP: 321
6 -1 6 -1 6 -1 6 -1  #SUP: 239
7 -1 4 -1 6 -1  #SUP: 244
5 -1 7 -1 4 -1 5 -1  #SUP: 232
4 -1 5 -1 4 -1 4 -1 6 -1  #SUP: 217
4 -1 10 -1 5 -1 5 -1 5 -1  #SUP: 181
5 -1 6 -1 4 -1 6 -1  #SUP: 262
5 -1 5 -1 7 -1 5 -1 5 -1 5 -1  #SUP: 209
5 -1 5 -1 5 -1 7 -1 4 -1  #SUP: 194
4 -1 5 -1 4 -1 4 -1  #SUP: 460
4 -1 5 -1 4 -1 5 -1  #SUP: 519
4 -1 5 -1 4 -1 6 -1  #SUP: 363
4 -1 5 -1 4 -1 7 -1  #SUP: 195
7 -1 6 -1 5 -1 5 -1  #SUP: 240
5 -1 4 -1 5 -1 5 -1 5 -1 4 -1 5 -1  #SUP: 202
4 -1 5 -1 4 -1 10 -1  #SUP: 209
5 -1 4 -1 6 -1 6 -1  #SUP: 282
7 -1 7 -1 7 -1  #SUP: 219
5 -1 8 -1 5 -1  #SUP: 315
5 -1 4 -1 6 -1 4 -1  #SUP: 355
6 -1 5 -1 5 -1 5 -1 5 -1  #SUP: 334
7 -1 4 -1 5 -1  #SUP: 351
4 -1 4 -1 5 -1 5 -1 5 -1 5 -1  #SUP: 221
5 -1 10 -1 5 -1 10 -1  #SUP: 217
4 -1 5 -1 4 -1 5 -1 6 -1  #SUP: 240
6 -1 5 -1 7 -1 5 -1  #SUP: 226
5 -1 4 -1 27 -1  #SUP: 202
10 -1 5 -1 5 -1 4 -1  #SUP: 291
5 -1 5 -1 5 -1 5 -1 5 -1 5 -1 5 -1 5 -1 5 -1  #SUP: 219
5 -1 5 -1 4 -1 4 -1 4 -1  #SUP: 285
4 -1 6 -1 4 -1 5 -1 4 -1  #SUP: 236
5 -1 5 -1 4 -1 4 -1 5 -1 5 -1  #SUP: 219
6 -1 5 -1 4 -1  #SUP: 558
4 -1 4 -1 4 -1 6 -1  #SUP: 257
6 -1 5 -1 5 -1  #SUP: 628
5 -1 9 -1 5 -1  #SUP: 244
6 -1 5 -1 6 -1  #SUP: 472
6 -1 5 -1 4 -1 5 -1 4 -1  #SUP: 263
5 -1 5 -1 5 -1 4 -1  #SUP: 606
6 -1 5 -1 8 -1  #SUP: 222
6 -1 5 -1 7 -1  #SUP: 313
7 -1 5 -1 5 -1 4 -1  #SUP: 315
5 -1 5 -1 5 -1 5 -1  #SUP: 791
5 -1 4 -1 5 -1 5 -1 6 -1  #SUP: 264
5 -1 5 -1 10 -1  #SUP: 414
4 -1 6 -1 5 -1 5 -1  #SUP: 351
5 -1 5 -1 5 -1 6 -1  #SUP: 487
6 -1 6 -1 5 -1 5 -1 5 -1  #SUP: 237
5 -1 5 -1 4 -1 4 -1 5 -1 5 -1 5 -1  #SUP: 180
4 -1 5 -1 7 -1 6 -1  #SUP: 196
5 -1 5 -1 5 -1 7 -1  #SUP: 389
6 -1 6 -1 5 -1 4 -1 5 -1  #SUP: 183
6 -1 4 -1 5 -1 4 -1  #SUP: 352
5 -1 5 -1 6 -1 5 -1 5 -1  #SUP: 312
5 -1 5 -1 5 -1 8 -1  #SUP: 217
5 -1 6 -1 5 -1 5 -1 5 -1  #SUP: 305
5 -1 5 -1 5 -1 5 -1 5 -1 5 -1 5 -1 5 -1  #SUP: 258
4 -1 7 -1 5 -1  #SUP: 315
6 -1 5 -1 5 -1 6 -1 5 -1  #SUP: 228
8 -1 5 -1 5 -1  #SUP: 360
5 -1 5 -1 5 -1 4 -1 5 -1 4 -1  #SUP: 309
5 -1 5 -1 6 -1 5 -1 5 -1 5 -1  #SUP: 234
5 -1 7 -1 4 -1  #SUP: 340
5 -1 7 -1 5 -1  #SUP: 528
5 -1 7 -1 6 -1  #SUP: 360
6 -1 6 -1 5 -1 5 -1  #SUP: 325
4 -1 10 -1 4 -1 5 -1  #SUP: 193
7 -1 5 -1 6 -1 6 -1  #SUP: 188
4 -1 10 -1 5 -1 5 -1 4 -1  #SUP: 186
6 -1 5 -1 5 -1 5 -1 6 -1  #SUP: 259
4 -1 5 -1 5 -1 5 -1 5 -1 5 -1 5 -1  #SUP: 235
7 -1 5 -1 4 -1 5 -1  #SUP: 307
5 -1 10 -1 5 -1 4 -1  #SUP: 281
5 -1 27 -1 27 -1  #SUP: 230
4 -1 5 -1 4 -1 4 -1 4 -1  #SUP: 267
5 -1 4 -1 5 -1 7 -1 5 -1  #SUP: 200
5 -1 5 -1 5 -1 5 -1 5 -1 4 -1 4 -1  #SUP: 198
6 -1 4 -1 4 -1 4 -1  #SUP: 256
6 -1 6 -1 4 -1 5 -1 5 -1  #SUP: 181
6 -1 10 -1 6 -1  #SUP: 265
8 -1 5 -1 4 -1  #SUP: 320
7 -1 5 -1 4 -1 6 -1  #SUP: 207
4 -1 5 -1 6 -1 4 -1  #SUP: 318
8 -1 5 -1 5 -1 4 -1  #SUP: 211
5 -1 7 -1 27 -1  #SUP: 212
6 -1 5 -1 5 -1 5 -1 5 -1 5 -1  #SUP: 249
5 -1 10 -1 5 -1 5 -1 4 -1  #SUP: 212
5 -1 6 -1 6 -1 5 -1  #SUP: 316
7 -1 4 -1 5 -1 4 -1  #SUP: 241
4 -1 6 -1 4 -1 4 -1  #SUP: 296
5 -1 5 -1 6 -1 4 -1 5 -1  #SUP: 242
5 -1 5 -1 7 -1 5 -1 4 -1  #SUP: 217
4 -1 4 -1 4 -1 5 -1 5 -1 5 -1  #SUP: 186
4 -1 5 -1 4 -1 5 -1 4 -1 6 -1  #SUP: 182
4 -1 4 -1 6 -1 4 -1  #SUP: 315
6 -1 4 -1 5 -1 5 -1  #SUP: 340
5 -1 5 -1 5 -1 5 -1 7 -1 5 -1 5 -1  #SUP: 175
6 -1 8 -1 8 -1  #SUP: 183
5 -1 6 -1 5 -1 6 -1 5 -1  #SUP: 208
4 -1 5 -1 5 -1 4 -1 5 -1  #SUP: 366
5 -1 4 -1 4 -1 5 -1 6 -1  #SUP: 202
5 -1 5 -1 4 -1 4 -1 5 -1 4 -1  #SUP: 242
6 -1 4 -1 6 -1 5 -1 4 -1  #SUP: 183
7 -1 5 -1 5 -1 5 -1  #SUP: 417
4 -1 4 -1 6 -1 5 -1  #SUP: 293
6 -1 8 -1 6 -1  #SUP: 259
5 -1 5 -1 6 -1  #SUP: 677
6 -1 6 -1 5 -1 6 -1  #SUP: 247
5 -1 4 -1 5 -1 4 -1 4 -1 4 -1  #SUP: 198
5 -1 6 -1 5 -1 5 -1 6 -1  #SUP: 229
6 -1 5 -1 5 -1 5 -1 4 -1  #SUP: 273
5 -1 4 -1 4 -1 6 -1  #SUP: 315
6 -1 4 -1 6 -1 6 -1  #SUP: 223
6 -1 6 -1 5 -1 5 -1 4 -1  #SUP: 196
7 -1 5 -1 4 -1 5 -1 5 -1  #SUP: 218
6 -1 5 -1 5 -1 5 -1 5 -1 5 -1 5 -1  #SUP: 205
4 -1 4 -1 5 -1 4 -1  #SUP: 456
6 -1 6 -1 5 -1  #SUP: 469
6 -1 6 -1 6 -1  #SUP: 396
6 -1 6 -1 7 -1  #SUP: 248
6 -1 6 -1 8 -1  #SUP: 242
6 -1 4 -1 4 -1 6 -1  #SUP: 231
4 -1 5 -1 5 -1 4 -1 5 -1 5 -1  #SUP: 261
4 -1 4 -1 4 -1 5 -1 5 -1  #SUP: 253
4 -1 4 -1 4 -1 5 -1 4 -1  #SUP: 275
8 -1 8 -1 6 -1  #SUP: 212
5 -1 5 -1 5 -1 5 -1 6 -1 5 -1 5 -1  #SUP: 200
10 -1 5 -1 5 -1 7 -1  #SUP: 180
5 -1 4 -1 4 -1 5 -1  #SUP: 437
9 -1 5 -1 5 -1  #SUP: 265
5 -1 4 -1 5 -1 6 -1 4 -1  #SUP: 234
6 -1 10 -1 4 -1  #SUP: 237
5 -1 6 -1 4 -1 5 -1  #SUP: 329
8 -1 4 -1 6 -1  #SUP: 221
10 -1 6 -1 6 -1  #SUP: 243
5 -1 10 -1 10 -1 5 -1  #SUP: 196
4 -1 5 -1 6 -1 5 -1 4 -1  #SUP: 221
4 -1 4 -1 5 -1 6 -1  #SUP: 280
6 -1 8 -1 5 -1  #SUP: 279
6 -1 4 -1 4 -1 5 -1 5 -1  #SUP: 204
7 -1 5 -1 4 -1  #SUP: 440
5 -1 7 -1 5 -1 5 -1  #SUP: 381
7 -1 5 -1 5 -1  #SUP: 578
6 -1 5 -1 6 -1 5 -1  #SUP: 300
7 -1 5 -1 6 -1  #SUP: 384
5 -1 5 -1 6 -1 5 -1 5 -1 5 -1 5 -1  #SUP: 190
7 -1 5 -1 7 -1  #SUP: 358
5 -1 5 -1 5 -1 4 -1 4 -1 5 -1 4 -1  #SUP: 181
4 -1 6 -1 4 -1 5 -1  #SUP: 321
5 -1 4 -1 5 -1 5 -1 4 -1  #SUP: 393
5 -1 5 -1 4 -1 4 -1 5 -1  #SUP: 316
5 -1 5 -1 7 -1 7 -1  #SUP: 220
7 -1 5 -1 10 -1  #SUP: 224
4 -1 4 -1 5 -1 5 -1  #SUP: 426
4 -1 5 -1 5 -1 5 -1 7 -1  #SUP: 200
5 -1 4 -1 5 -1 4 -1 5 -1  #SUP: 394
4 -1 5 -1 5 -1 5 -1 5 -1 4 -1  #SUP: 265
5 -1 5 -1 5 -1 4 -1 5 -1  #SUP: 421
6 -1 4 -1 5 -1 6 -1  #SUP: 254
5 -1 5 -1 4 -1 5 -1 4 -1 5 -1  #SUP: 291
4 -1 6 -1 6 -1 5 -1  #SUP: 276
5 -1 5 -1 4 -1 6 -1 4 -1  #SUP: 254
7 -1 27 -1 5 -1  #SUP: 202
5 -1 5 -1 4 -1 5 -1 4 -1 5 -1 4 -1  #SUP: 223
6 -1 4 -1 4 -1 5 -1  #SUP: 272
7 -1 6 -1 5 -1  #SUP: 355
6 -1 6 -1 5 -1 4 -1  #SUP: 281
6 -1 5 -1 5 -1 4 -1 5 -1  #SUP: 258
6 -1 4 -1 5 -1 5 -1 4 -1  #SUP: 248
5 -1 7 -1 5 -1 6 -1  #SUP: 241
4 -1 5 -1 5 -1 5 -1 5 -1 5 -1  #SUP: 300
5 -1 5 -1 5 -1 5 -1 4 -1  #SUP: 450
5 -1 5 -1 5 -1 5 -1 5 -1  #SUP: 557
5 -1 5 -1 5 -1 5 -1 6 -1  #SUP: 360
5 -1 5 -1 5 -1 5 -1 7 -1  #SUP: 289
5 -1 5 -1 5 -1 5 -1 5 -1 4 -1 5 -1  #SUP: 243
4 -1 6 -1 6 -1 4 -1  #SUP: 259
5 -1 5 -1 5 -1 5 -1 10 -1  #SUP: 228
4 -1 5 -1 5 -1 4 -1 6 -1  #SUP: 256
6 -1 4 -1 5 -1 4 -1 5 -1 5 -1  #SUP: 179
6 -1 5 -1 5 -1 4 -1 4 -1  #SUP: 215
5 -1 4 -1 5 -1 4 -1 4 -1  #SUP: 338
5 -1 5 -1 5 -1 6 -1 4 -1  #SUP: 261
7 -1 6 -1 6 -1  #SUP: 290
5 -1 5 -1 10 -1 4 -1  #SUP: 234
7 -1 5 -1 5 -1 5 -1 6 -1  #SUP: 192
10 -1 5 -1 5 -1 5 -1 4 -1  #SUP: 215
4 -1 4 -1 6 -1 6 -1  #SUP: 237
5 -1 4 -1 6 -1 4 -1 5 -1  #SUP: 235
7 -1 5 -1 5 -1 4 -1 5 -1  #SUP: 222
5 -1 7 -1 5 -1 4 -1 5 -1  #SUP: 200
5 -1 5 -1 5 -1 4 -1 4 -1 4 -1  #SUP: 209
10 -1 10 -1 6 -1  #SUP: 214
5 -1 5 -1 6 -1 6 -1 5 -1  #SUP: 239
5 -1 5 -1 5 -1 5 -1 6 -1 5 -1  #SUP: 257
8 -1 6 -1 8 -1  #SUP: 232
4 -1 4 -1 5 -1 4 -1 5 -1  #SUP: 310
5 -1 6 -1 4 -1 5 -1 5 -1  #SUP: 224
4 -1 5 -1 4 -1 6 -1 6 -1  #SUP: 187
5 -1 5 -1 5 -1 6 -1 6 -1  #SUP: 248
6 -1 7 -1 4 -1  #SUP: 234
4 -1 4 -1 5 -1 5 -1 5 -1  #SUP: 316
5 -1 5 -1 27 -1  #SUP: 280
5 -1 5 -1 5 -1 5 -1 5 -1 5 -1 4 -1  #SUP: 255
5 -1 7 -1 5 -1 4 -1  #SUP: 294
5 -1 8 -1 6 -1  #SUP: 271
4 -1 5 -1 5 -1 5 -1 4 -1 5 -1  #SUP: 260
10 -1 5 -1 5 -1 5 -1  #SUP: 340
6 -1 5 -1 4 -1 5 -1  #SUP: 354
5 -1 5 -1 5 -1 4 -1 5 -1 5 -1 5 -1  #SUP: 232
10 -1 4 -1 5 -1  #SUP: 307
4 -1 4 -1 5 -1 5 -1 5 -1 4 -1  #SUP: 220
5 -1 4 -1 6 -1 5 -1 5 -1  #SUP: 248
5 -1 5 -1 4 -1 6 -1 5 -1  #SUP: 252
10 -1 10 -1 4 -1  #SUP: 215
4 -1 5 -1 4 -1 6 -1 5 -1  #SUP: 233
4 -1 10 -1 4 -1  #SUP: 284
7 -1 5 -1 4 -1 4 -1  #SUP: 241
5 -1 5 -1 4 -1 5 -1 4 -1 4 -1  #SUP: 255
5 -1 4 -1 5 -1 5 -1 5 -1 5 -1 5 -1  #SUP: 225
4 -1 6 -1 5 -1 5 -1 5 -1  #SUP: 257
5 -1 5 -1 5 -1 7 -1 5 -1 5 -1  #SUP: 215
5 -1 6 -1 5 -1 6 -1  #SUP: 310
5 -1 6 -1 5 -1 5 -1 5 -1 5 -1 5 -1  #SUP: 185
8 -1 6 -1 6 -1  #SUP: 262
4 -1 5 -1 5 -1 4 -1  #SUP: 524
4 -1 5 -1 5 -1 5 -1  #SUP: 564
4 -1 5 -1 5 -1 6 -1  #SUP: 357
4 -1 5 -1 5 -1 7 -1  #SUP: 272
8 -1 6 -1 4 -1  #SUP: 245
6 -1 4 -1 6 -1 4 -1  #SUP: 267
4 -1 5 -1 5 -1 10 -1  #SUP: 231
5 -1 10 -1 10 -1  #SUP: 252
5 -1 5 -1 5 -1 5 -1 5 -1 5 -1 6 -1  #SUP: 208
5 -1 5 -1 7 -1  #SUP: 532
4 -1 5 -1 5 -1 5 -1 4 -1 5 -1 4 -1  #SUP: 198
6 -1 5 -1 5 -1 4 -1  #SUP: 373
10 -1 5 -1 10 -1 5 -1  #SUP: 252
4 -1 6 -1 5 -1 4 -1 4 -1  #SUP: 206
4 -1 5 -1 5 -1 5 -1 4 -1 4 -1  #SUP: 225
4 -1 4 -1 5 -1 5 -1 6 -1  #SUP: 209
5 -1 5 -1 5 -1 5 -1 5 -1 6 -1  #SUP: 273
4 -1 7 -1 5 -1 5 -1  #SUP: 236
6 -1 5 -1 5 -1 6 -1 6 -1  #SUP: 184
5 -1 6 -1 5 -1 5 -1  #SUP: 417
5 -1 6 -1 6 -1 6 -1  #SUP: 251
6 -1 5 -1 6 -1 5 -1 4 -1  #SUP: 189
10 -1 4 -1 4 -1 5 -1  #SUP: 184
4 -1 5 -1 6 -1 5 -1  #SUP: 331
8 -1 10 -1 5 -1  #SUP: 198
4 -1 6 -1 4 -1  #SUP: 521
5 -1 6 -1 6 -1 4 -1  #SUP: 260
4 -1 6 -1 5 -1  #SUP: 511
10 -1 5 -1 5 -1 5 -1 5 -1  #SUP: 254
4 -1 6 -1 6 -1  #SUP: 415
5 -1 5 -1 5 -1 5 -1 4 -1 5 -1  #SUP: 310
4 -1 6 -1 7 -1  #SUP: 243
5 -1 5 -1 4 -1 5 -1 5 -1 4 -1  #SUP: 281
4 -1 6 -1 8 -1  #SUP: 221
5 -1 4 -1 4 -1 5 -1 5 -1 5 -1  #SUP: 230
5 -1 19 -1 5 -1  #SUP: 222
4 -1 10 -1 10 -1  #SUP: 206
4 -1 6 -1 10 -1  #SUP: 258
5 -1 6 -1 5 -1 4 -1  #SUP: 359
6 -1 4 -1 5 -1 5 -1 5 -1 5 -1  #SUP: 185
5 -1 4 -1 4 -1 4 -1 5 -1  #SUP: 256
5 -1 6 -1 4 -1  #SUP: 520
5 -1 4 -1 5 -1 5 -1 5 -1  #SUP: 412
6 -1 7 -1 6 -1  #SUP: 275
5 -1 5 -1 4 -1 5 -1 6 -1 5 -1  #SUP: 176
5 -1 6 -1 5 -1  #SUP: 627
6 -1 4 -1 5 -1 4 -1 6 -1  #SUP: 182
4 -1 8 -1 6 -1  #SUP: 203
5 -1 5 -1 5 -1 5 -1 5 -1 6 -1 5 -1  #SUP: 198
5 -1 6 -1 6 -1  #SUP: 472
6 -1 4 -1 5 -1 4 -1 5 -1  #SUP: 232
4 -1 6 -1 4 -1 4 -1 5 -1  #SUP: 197
7 -1 5 -1 5 -1 5 -1 4 -1  #SUP: 233
5 -1 6 -1 7 -1  #SUP: 310
10 -1 5 -1 4 -1  #SUP: 405
10 -1 5 -1 5 -1  #SUP: 486
10 -1 5 -1 6 -1  #SUP: 326
5 -1 6 -1 8 -1  #SUP: 253
10 -1 5 -1 7 -1  #SUP: 244
5 -1 5 -1 5 -1 5 -1 4 -1 4 -1 5 -1  #SUP: 183
10 -1 5 -1 10 -1  #SUP: 320
5 -1 10 -1 5 -1 5 -1 5 -1  #SUP: 236
5 -1 4 -1 4 -1 5 -1 4 -1  #SUP: 333
5 -1 4 -1 5 -1 5 -1 4 -1 4 -1  #SUP: 240
4 -1 5 -1 7 -1 4 -1  #SUP: 208
4 -1 5 -1 4 -1  #SUP: 809
4 -1 6 -1 5 -1 6 -1  #SUP: 253
4 -1 4 -1 5 -1 5 -1 4 -1 5 -1  #SUP: 216
5 -1 6 -1 7 -1 5 -1  #SUP: 232
5 -1 6 -1 10 -1  #SUP: 277
4 -1 5 -1 5 -1 7 -1 5 -1  #SUP: 211
5 -1 4 -1 5 -1 6 -1 6 -1  #SUP: 200
5 -1 5 -1 5 -1 7 -1 5 -1  #SUP: 294
4 -1 5 -1 5 -1  #SUP: 779
4 -1 6 -1 5 -1 4 -1 6 -1  #SUP: 185
4 -1 4 -1 4 -1 4 -1 5 -1  #SUP: 216
5 -1 5 -1 7 -1 5 -1  #SUP: 377
6 -1 5 -1 4 -1 4 -1 5 -1  #SUP: 209
5 -1 5 -1 5 -1 6 -1 4 -1 5 -1  #SUP: 181
10 -1 4 -1 5 -1 4 -1  #SUP: 234
4 -1 5 -1 5 -1 5 -1 6 -1  #SUP: 272
4 -1 5 -1 6 -1  #SUP: 502
5 -1 5 -1 5 -1 4 -1 5 -1 4 -1 5 -1  #SUP: 222
6 -1 5 -1 4 -1 5 -1 4 -1 5 -1  #SUP: 196
5 -1 5 -1 5 -1 5 -1 5 -1 5 -1 5 -1  #SUP: 333
6 -1 4 -1 5 -1 5 -1 5 -1  #SUP: 267
7 -1 5 -1 5 -1 6 -1  #SUP: 255
6 -1 6 -1 4 -1 4 -1  #SUP: 228
7 -1 4 -1 5 -1 5 -1  #SUP: 251
4 -1 5 -1 7 -1  #SUP: 368
5 -1 4 -1 5 -1 5 -1 5 -1 4 -1  #SUP: 285
7 -1 6 -1 7 -1  #SUP: 233
6 -1 7 -1 5 -1  #SUP: 348
5 -1 10 -1 5 -1 6 -1  #SUP: 221
5 -1 5 -1 5 -1 4 -1 4 -1  #SUP: 350
5 -1 5 -1 7 -1 5 -1 5 -1  #SUP: 274
5 -1 5 -1 4 -1 5 -1 6 -1  #SUP: 257
4 -1 5 -1 8 -1  #SUP: 226
6 -1 5 -1 6 -1 5 -1 5 -1  #SUP: 228
4 -1 6 -1 4 -1 6 -1  #SUP: 274
4 -1 6 -1 5 -1 5 -1 5 -1 5 -1  #SUP: 191
5 -1 5 -1 5 -1 5 -1 5 -1 5 -1 5 -1 4 -1  #SUP: 203
5 -1 5 -1 4 -1 5 -1 5 -1  #SUP: 396
7 -1 6 -1 4 -1  #SUP: 301
6 -1 6 -1 4 -1 6 -1  #SUP: 225
5 -1 6 -1 4 -1 5 -1 4 -1  #SUP: 228
5 -1 7 -1 5 -1 5 -1 4 -1  #SUP: 219
4 -1 5 -1 6 -1 5 -1 5 -1  #SUP: 241
5 -1 4 -1 4 -1 5 -1 5 -1 4 -1  #SUP: 226
5 -1 5 -1 6 -1 4 -1  #SUP: 362
5 -1 5 -1 6 -1 5 -1  #SUP: 451
5 -1 5 -1 6 -1 6 -1  #SUP: 343
5 -1 5 -1 6 -1 7 -1  #SUP: 231
5 -1 5 -1 5 -1 5 -1 5 -1 5 -1  #SUP: 432
