1 -1 #SUP: 4
2 -1 #SUP: 4
3 -1 #SUP: 4
4 -1 #SUP: 3
5 -1 #SUP: 3
6 -1 #SUP: 3
5 -1 6 -1 #SUP: 2
6 -1 3 -1 #SUP: 2
2 -1 6 -1 #SUP: 2
6 -1 2 -1 #SUP: 2
1 -1 6 -1 #SUP: 2
6 -1 3 -1 2 -1 #SUP: 2
6 -1 2 -1 3 -1 #SUP: 2
5 -1 3 -1 #SUP: 2
5 -1 2 -1 #SUP: 2
5 -1 1 -1 #SUP: 2
5 -1 1 -1 2 -1 #SUP: 2
5 -1 1 -1 3 -1 #SUP: 2
5 -1 1 -1 3 -1 2 -1 #SUP: 2
5 -1 3 -1 2 -1 #SUP: 2
5 -1 2 -1 3 -1 #SUP: 2
5 -1 6 -1 2 -1 #SUP: 2
5 -1 6 -1 3 -1 #SUP: 2
5 -1 6 -1 3 -1 2 -1 #SUP: 2
4 -1 3 -1 #SUP: 3
2 -1 4 -1 #SUP: 2
4 -1 2 -1 #SUP: 2
1 -1 4 -1 #SUP: 2
4 -1 3 -1 2 -1 #SUP: 2
3 -1 3 -1 #SUP: 3
2 3 -1 #SUP: 2
2 -1 3 -1 #SUP: 3
3 -1 2 -1 #SUP: 3
1 -1 3 -1 #SUP: 4
3 -1 1 -1 #SUP: 2
1 2 -1 #SUP: 2
1 -1 2 -1 #SUP: 4
2 -1 1 -1 #SUP: 2
2 3 -1 1 -1 #SUP: 2
2 -1 4 -1 3 -1 #SUP: 2
1 -1 1 -1 #SUP: 2
1 -1 2 -1 1 -1 #SUP: 2
1 -1 3 -1 1 -1 #SUP: 2
1 -1 2 3 -1 #SUP: 2
1 -1 3 -1 2 -1 #SUP: 3
1 -1 2 -1 3 -1 #SUP: 2
1 -1 2 3 -1 1 -1 #SUP: 2
1 2 -1 3 -1 #SUP: 2
1 2 -1 4 -1 #SUP: 2
1 2 -1 6 -1 #SUP: 2
1 2 -1 4 -1 3 -1 #SUP: 2
1 -1 3 -1 3 -1 #SUP: 3
1 -1 4 -1 3 -1 #SUP: 2
