201	201
202	203
203	203
204	203
205	206
206	206
207	206
208	209
209	209
211	212
212	212
213	212
214	214
215	215
216	216
217	218
218	218
219	218
220	221
221	221
222	221
223	224
224	224
225	224
226	227
227	227
229	229
230	230
232	232
233	233
234	234
235	235
236	236
301	301
302	302
303	303
304	304
305	305
306	306
307	307
308	308
309	309
310	310
315	315
316	316
317	317
318	318
319	319
320	320
321	321
322	322
323	323
324	324
325	325
326	326
327	327
328	328
329	329
330	330
331	331
332	332
333	333
335	335
336	336
337	337
338	338
339	339
340	340
341	341
342	342
343	343
344	344
345	345
346	331
347	332
350	335
351	336
352	337
353	338
354	339
355	340
357	342
359	344
360	345
