301,117,327,343,101,327,117,305,500
311,331,500
311,117,331,500
310,117,305,500
311,331,500
311,117,311,331,500
328,112,311,500
326,117,328,302,305,500
311,302,311,343,400
308,314,311,331,117,302,305,500
311,343,400
328,302,306,119,302,306,500
313,326,333,500
313,333,500
302,306,307,117,325,331,500
311,302,306,500
311,306,500
311,308,310,117,328,306,117,302,305,308,328,305,101,305,101,327,302,305,500
313,117,328,500
313,331,302,119,311,119,302,306,500
344,109,326,333,311,331,500
308,310,331,400
333,106,313,500
313,308,344,313,500
313,344,400
332,109,302,306,400
328,310,333,500
313,305,120,333,500
311,112,311,331,500
311,305,328,305,500
313,305,500
311,331,500
313,308,305,331,301,500
311,331,302,500
345,120,327,117,326,400
326,117,343,500
311,112,311,500
311,112,308,343,500
311,117,309,500
327,120,311,500
311,117,313,500
310,301,333,400
325,109,312,400
308,328,117,313,500
309,119,327,119,327,333,500
313,120,311,500
311,114,325,400
333,120,327,400
311,345,120,327,328,333,500
304,112,311,333,500
328,302,117,305,117,302,400
312,119,311,119,311,119,311,119,325,400
311,112,311,500
328,109,312,117,328,117,333,500
311,112,311,500
311,115,311,329,308,302,311,400
312,112,325,500
311,302,117,305,500
331,117,301,305,500
311,112,311,119,311,500
305,117,328,500
313,106,327,500
311,112,313,117,311,117,333,500
313,109,302,400
330,106,308,500
311,112,311,500
325,117,343,400
314,103,314,400
312,112,311,500
308,106,313,500
302,114,313,400
309,109,308,500
313,333,500
311,106,313,311,500
325,313,117,305,500
328,302,305,117,302,311,305,400
325,114,325,311,305,400
311,305,120,305,101,305,117,333,500
313,325,400
311,331,500
311,109,326,333,500
313,117,308,500
307,116,325,117,302,305,400
307,305,302,400
314,310,500
311,305,302,400
326,314,400
325,314,400
312,305,310,117,328,301,305,500
313,106,311,117,331,400
325,117,313,500
345,117,327,117,301,343,500
311,112,331,117,310,117,329,345,500
329,302,500
310,305,306,117,302,500
331,119,302,324,120,307,329,302,120,302,120,302,310,302,119,302,119,329,120,308,302,306,120,302,120,311,302,306,120,305,500
311,302,308,306,400
310,112,312,307,333,500
313,310,302,301,305,500
345,119,302,305,117,325,305,117,324,332,500
311,116,325,311,119,328,500
313,308,313,333,500
313,333,400
314,106,313,308,500
308,120,312,329,312,500
313,117,309,304,500
304,106,310,500
313,305,400
310,112,311,400
314,116,310,400
327,120,312,400
312,120,312,307,333,500
313,106,313,117,331,500
313,112,311,331,500
311,331,400
310,120,327,120,327,120,327,120,327,117,310,400
325,331,500
310,117,327,120,301,302,306,500
328,327,305,400
325,313,306,301,120,305,333,313,306,500
313,106,313,333,344,400
344,109,326,333,500
313,117,344,500
308,305,120,330,308,331,400
311,109,325,331,400
310,106,313,120,327,500
310,109,312,305,301,305,120,301,500
311,331,500
345,117,301,343,400
329,112,307,313,117,311,500
331,112,311,500
311,331,500
311,117,307,500
311,117,308,117,331,500
311,106,308,117,333,500
313,106,309,313,333,308,117,328,301,308,305,117,302,117,308,345,400
329,345,117,305,117,308,302,500
308,333,500
313,106,313,117,331,500
311,117,313,331,500
311,331,500
313,106,311,117,311,331,400
310,312,117,331,500
311,309,333,500
313,106,311,117,333,500
313,106,328,500
313,117,302,117,308,328,305,500
311,333,500
313,117,333,500
311,117,333,500
308,119,327,500
308,305,119,313,302,305,500
330,119,301,119,301,309,311,333,500
312,305,500
312,112,311,301,308,324,117,307,305,500
311,117,328,331,119,311,117,331,119,310,308,331,400
311,112,310,117,302,117,305,119,327,117,331,500
311,302,500
311,112,331,500
311,117,308,305,500
329,302,301,305,302,119,305,119,305,302,117,301,117,301,306,500
311,112,311,500
311,302,500
313,106,333,117,313,500
302,119,328,119,309,500
308,119,305,500
311,331,120,307,331,500
311,331,500
327,117,308,500
308,311,117,301,120,329,120,329,311,500
331,112,311,500
331,112,308,311,120,311,500
311,301,305,117,331,500
308,331,500
301,345,117,301,343,101,312,500
311,112,311,500
311,331,500
328,112,311,312,500
311,331,117,310,329,302,324,305,306,117,302,312,310,302,306,324,305,324,101,302,324,305,301,324,117,331,301,331,119,308,331,324,328,345,120,327,313,500
313,331,500
311,345,119,327,308,345,119,327,119,327,302,306,307,301,324,311,332,500
331,112,311,500
311,331,310,500
310,345,311,120,312,120,311,331,500
311,114,311,333,500
311,333,500
311,302,323,119,311,500
311,313,333,500
313,345,120,345,120,327,331,500
328,331,120,311,331,309,307,345,120,329,120,305,313,333,500
313,333,500
327,120,328,331,500
311,112,311,305,331,119,305,500
311,331,500
312,112,311,308,331,500
310,116,313,311,333,500
310,331,309,302,500
311,302,345,120,345,120,301,345,120,301,328,308,328,120,327,331,400
310,325,500
311,117,302,306,310,400
325,114,311,120,345,120,345,119,311,400
301,120,301,324,302,328,306,500
310,112,310,500
311,310,331,500
345,117,301,343,500
308,313,117,333,500
313,112,328,302,311,117,305,500
328,117,309,311,331,500
328,308,305,308,500
311,112,328,302,305,302,500
328,331,120,327,309,328,308,331,500
311,309,328,305,500
329,106,313,500
314,106,117,332,312,331,500
310,106,309,310,400
307,333,119,330,500
310,328,302,305,500
311,302,305,117,311,308,328,333,500
305,119,305,500
313,333,500
313,117,305,117,306,313,331,500
331,112,302,344,400
344,109,326,400
326,308,333,500
313,106,323,500
313,117,333,500
328,305,500
309,326,301,117,345,324,326,333,500
313,117,302,117,305,302,306,500
325,305,313,117,324,329,117,313,302,500
331,112,311,302,305,500
311,333,500
306,112,301,117,312,117,305,500
311,117,313,301,117,306,117,330,500
330,307,117,326,331,500
311,309,117,305,308,117,331,500
311,331,500
310,117,332,400
325,331,500
343,112,500
112,106,500
106,112,331,500
331,112,331,500
331,112,331,500
331,112,500
333,106,500
333,106,500
106,112,331,500
344,333,500
112,333,500
112,333,500
333,106,331,500
306,112,331,500
331,112,500
301,117,343,500
313,333,500
311,333,500
313,106,314,500
305,112,311,120,345,120,327,120,328,120,327,120,330,500
311,106,313,500
328,305,400
311,117,331,500
333,112,311,500
311,331,500
310,109,328,305,500
312,109,310,117,328,302,305,117,302,500
333,117,305,500
313,328,302,500
311,106,313,331,500
311,308,344,400
326,120,327,120,329,333,500
308,112,331,500
310,305,500
345,117,327,309,343,500
313,106,313,333,500
313,331,500
308,106,313,500
313,117,333,500
313,106,311,331,500
311,117,331,500
311,120,327,117,311,120,328,305,500
302,112,311,500
311,112,302,500
313,112,345,120,327,500
310,112,308,500
308,302,500
313,117,328,333,500
308,333,500
313,106,305,500
301,305,119,330,500
305,106,313,117,305,117,331,500
328,117,344,305,400
307,344,400
326,333,500
313,333,500
308,313,344,400
306,117,333,120,329,313,117,344,500
301,308,305,308,500
313,331,500
331,117,311,331,500
328,305,500
343,112,331,500
333,331,500
112,331,500
331,112,500
331,344,333,500
331,112,331,500
331,112,331,500
331,106,306,500
309,343,500
311,116,311,117,331,500
311,343,119,327,310,500
328,331,500
313,308,500
311,331,400
311,117,308,500
345,106,327,120,307,328,500
311,305,500
313,117,305,328,309,117,328,301,117,305,117,310,117,328,343,500
313,106,313,120,302,117,305,302,500
311,112,328,309,328,500
309,305,500
328,112,308,117,310,331,119,331,500
311,117,305,500
311,302,328,500
310,301,305,500
313,305,119,328,333,500
313,117,309,331,500
311,119,305,311,302,344,313,500
311,120,310,311,305,500
313,117,308,305,500
325,331,500
311,331,500
311,331,500
311,309,333,117,308,500
329,117,308,310,305,500
313,331,500
301,309,117,343,500
307,311,500
311,112,307,311,343,500
311,308,305,119,329,305,309,302,305,500
311,117,302,500
331,117,333,500
308,311,309,302,305,118,305,500
311,117,305,500
311,333,500
313,309,333,119,330,500
309,313,117,308,302,305,119,329,333,500
308,302,305,117,325,400
305,112,328,331,117,329,308,305,500
313,308,331,120,331,500
311,112,331,119,330,500
311,309,332,500
313,106,313,333,500
308,106,309,500
313,112,311,301,500
117,345,117,345,117,327,345,117,309,117,301,117,345,117,301,117,345,117,305,500
305,117,500
311,117,306,500
117,331,500
311,117,331,500
311,117,331,500
307,117,328,117,328,117,500
311,114,311,117,305,117,331,500
311,117,331,500
311,117,331,500
330,313,117,333,119,333,119,327,117,333,500
333,106,313,117,308,117,333,500
313,117,119,333,500
313,117,343,500
311,117,331,500
305,112,313,117,333,500
333,106,313,333,500
313,117,331,311,117,333,500
313,117,331,119,328,500
313,117,311,500
310,117,333,500
313,117,345,120,328,306,500
328,106,302,301,302,117,313,117,308,117,302,309,302,117,305,500
313,117,310,117,305,500
311,112,331,500
311,117,302,119,305,119,311,305,500
313,117,328,333,500
331,112,311,117,331,500
311,117,331,500
328,304,500
311,117,331,500
311,117,331,311,500
117,331,500
311,117,305,117,306,117,328,117,343,400
330,106,313,117,305,331,119,327,117,305,500
313,117,305,331,500
301,117,301,119,117,301,119,301,117,310,117,331,500
305,343,500
311,117,307,500
311,112,311,500
311,112,311,500
311,112,313,500
310,103,314,117,325,500
313,106,313,117,302,306,500
307,117,313,500
308,117,305,500
313,106,313,500
314,114,313,500
328,301,305,500
311,117,325,305,120,301,500
117,305,500
305,302,500
313,106,313,333,323,500
313,308,400
325,302,308,500
308,314,400
325,112,311,117,302,306,500
313,119,312,301,313,500
115,325,117,305,311,500
313,106,305,119,305,119,328,500
311,112,311,500
313,115,325,328,500
310,117,344,119,344,400
305,115,313,117,305,500
313,331,500
330,115,325,400
304,114,312,117,311,500
311,112,301,500
301,305,327,343,500
311,115,311,117,307,311,301,305,500
311,305,400
325,305,120,329,327,302,305,400
308,311,305,302,117,327,305,500
311,117,333,400
310,119,310,312,400
312,117,305,400
328,120,310,120,307,328,117,333,400
310,112,311,500
311,117,305,400
325,308,305,101,305,312,305,117,309,325,311,117,333,500
311,331,500
325,109,312,307,329,328,119,307,117,311,307,301,308,328,302,328,305,101,312,310,117,343,500
311,331,500
301,306,117,301,117,309,343,500
313,308,117,313,311,500
313,331,500
311,308,500
310,117,328,302,306,400
307,119,327,119,327,309,117,328,117,305,500
313,117,305,500
313,309,117,310,308,117,311,120,305,500
311,117,305,118,325,117,305,118,312,118,329,328,117,343,400
313,331,500
305,117,331,500
311,117,333,120,329,117,333,400
326,117,307,311,331,500
311,331,400
312,112,311,328,326,302,117,302,305,500
311,117,331,500
311,112,308,302,305,117,302,117,305,117,328,117,305,500
301,306,305,306,117,301,343,119,343,500
311,117,331,500
311,117,331,500
345,112,311,331,400
311,305,117,325,117,323,500
330,109,325,117,333,400
311,117,343,400
314,117,331,500
311,117,331,500
311,331,500
311,117,328,305,500
310,117,310,305,120,303,500
305,117,331,500
328,117,311,117,302,305,500
302,117,302,331,119,302,117,302,306,500
302,305,117,305,400
302,117,302,333,400
330,120,345,117,331,400
326,117,302,305,500
309,334,500
313,334,400
343,106,311,117,334,400
310,306,500
305,343,400
325,109,331,400
112,328,117,305,306,117,302,305,500
302,329,305,500
333,106,313,500
313,333,500
333,106,333,305,117,302,328,117,333,500
311,117,311,331,500
331,117,313,117,344,400
312,117,344,400
332,120,312,400
345,120,310,117,333,500
313,333,117,333,120,331,117,302,117,331,500
328,117,331,500
311,117,328,333,500
333,106,331,500
308,333,117,313,333,500
331,117,313,333,500
313,305,500
313,117,311,331,500
310,312,331,500
308,328,117,331,500
311,331,500
305,117,331,500
311,331,119,331,500
311,117,302,117,302,309,302,119,303,117,309,303,117,305,117,301,305,500
330,117,309,301,306,117,305,306,117,343,500
311,331,500
311,117,325,117,331,500
311,333,500
313,117,309,333,500
333,106,311,117,333,500
313,333,400
313,309,331,400
307,117,307,117,302,500
311,109,328,117,333,500
311,103,314,500
329,112,311,117,305,500
311,117,328,308,328,344,500
311,303,302,305,500
313,331,500
305,344,500
311,302,117,400
311,344,500
309,313,344,500
313,117,344,500
313,344,119,311,117,333,500
313,331,500
313,331,117,331,500
331,117,311,302,117,302,117,306,500
310,307,302,117,305,500
304,305,500
334,109,311,302,305,117,313,305,302,305,302,117,302,306,500
326,302,117,306,500
310,117,306,500
326,333,500
313,117,302,301,500
301,117,301,117,327,117,301,305,117,306,117,327,117,301,117,343,400
325,117,117,331,500
311,117,307,117,333,400
313,117,311,117,332,400
307,117,313,117,308,117,311,117,313,331,311,308,117,314,117,305,400
328,117,308,117,331,500
307,117,331,117,312,332,307,117,305,500
311,117,307,117,331,500
311,117,331,500
311,117,331,500
311,117,328,117,302,305,500
311,117,312,117,332,117,331,500
311,112,311,117,331,117,311,500
311,117,331,400
311,117,308,312,117,311,117,345,120,308,117,327,117,308,120,327,117,331,120,312,400
312,117,327,117,331,500
311,112,311,117,328,301,117,306,500
309,345,117,309,117,301,306,117,305,306,500
311,343,500
305,328,117,331,500
307,112,328,117,305,311,331,500
308,311,117,311,117,331,500
311,117,333,500
307,328,117,331,500
328,117,301,305,333,500
311,302,117,305,302,117,306,117,308,333,117,306,117,311,302,344,400
308,305,302,305,117,302,306,500
311,117,331,500
302,313,305,500
305,119,333,500
313,305,333,500
313,106,313,333,500
313,117,333,500
313,326,117,313,333,500
308,313,333,119,333,500
302,331,119,302,117,306,117,313,333,500
308,117,500
302,103,311,117,333,500
305,106,313,344,400
330,112,331,500
313,332,400
331,109,312,117,311,117,331,500
331,117,311,302,331,500
311,117,311,310,311,117,309,328,117,331,305,500
301,117,306,305,301,306,117,343,500
307,106,308,307,328,117,331,500
308,112,311,117,310,500
311,117,302,117,305,302,117,306,500
311,117,309,333,500
313,106,328,117,309,117,331,500
308,112,328,117,302,117,306,119,313,117,343,500
308,305,117,302,500
328,117,302,117,305,302,119,311,117,302,117,309,302,120,305,101,309,500
311,117,302,305,500
311,112,311,331,400
312,117,333,500
344,120,329,344,400
333,109,313,400
313,119,313,400
307,117,313,117,331,500
311,117,331,400
312,117,305,327,400
311,112,312,101,312,117,331,500
345,117,301,306,117,301,306,120,301,117,305,117,301,117,343,500
311,117,305,400
311,112,311,500
305,112,311,117,313,400
326,119,311,500
311,112,314,400
311,117,326,331,500
328,112,307,119,311,500
311,117,313,117,308,117,313,305,500
311,106,313,500
313,106,313,117,333,400
314,112,328,117,302,305,400
313,117,326,313,500
308,117,333,500
313,117,331,500
308,117,331,500
311,305,500
311,117,310,117,311,331,500
311,117,331,500
311,106,313,333,500
311,112,311,117,328,117,324,500
311,117,312,117,343,500
326,311,117,301,500
311,117,301,324,500
345,117,301,117,305,324,343,400
311,109,312,400
312,109,307,333,500
313,310,500
311,333,500
313,343,500
313,310,308,312,500
307,109,307,330,325,500
311,331,500
311,302,117,305,302,305,311,400
307,312,331,400
310,306,311,331,500
311,331,500
311,330,302,306,117,305,324,305,331,500
311,331,500
311,331,500
307,331,311,500
311,331,500
311,331,331,500
311,117,331,117,500
311,333,400
328,306,323,302,305,500
305,302,305,500
313,331,500
311,331,500
311,345,120,327,311,344,400
330,344,500
312,106,309,311,333,117,313,333,500
313,331,500
305,306,328,331,117,307,500
311,109,312,331,500
311,331,500
305,106,328,301,500
311,302,500
301,117,306,117,327,117,301,117,330,305,117,301,117,343,500
313,112,311,117,311,117,323,117,310,400
307,117,311,117,343,119,311,117,311,117,312,117,331,500
308,312,400
308,117,311,117,331,305,500
307,117,308,500
312,112,312,500
311,112,311,117,331,500
311,117,331,117,312,500
311,109,312,400
312,117,332,120,332,400
332,109,329,117,302,500
311,103,328,400
314,112,308,117,328,400
312,311,333,400
311,112,313,117,311,500
308,117,302,400
328,117,309,328,117,333,500
326,117,328,301,500
305,331,500
311,117,331,500
311,117,324,400
311,109,305,117,302,117,308,313,117,344,400
312,117,344,400
312,109,305,500
311,112,305,500
312,112,311,120,311,333,500
311,112,308,333,500
313,106,313,500
313,106,311,117,308,500
311,117,308,117,302,117,309,331,500
311,112,311,117,309,301,500
311,117,301,117,301,305,500
330,117,345,117,330,500
311,305,117,343,500
327,119,308,500
313,106,328,117,331,500
330,109,326,117,325,117,306,117,302,306,400
312,119,312,117,332,119,311,117,331,500
311,117,331,400
311,117,331,500
311,302,305,400
330,112,311,331,500
311,109,326,500
308,328,117,331,500
345,117,311,117,302,117,311,500
330,109,327,500
311,117,331,324,400
326,112,305,117,330,500
311,112,311,117,331,500
311,117,343,400
312,109,312,400
312,112,328,500
311,112,311,117,311,500
302,117,306,400
302,112,301,333,117,331,400
311,112,310,117,328,329,328,500
313,118,324,400
326,109,326,117,333,400
307,117,331,120,332,500
328,117,331,400
331,117,302,305,500
311,117,328,500
329,331,500
328,333,500
328,117,333,400
330,106,311,119,312,344,400
326,109,307,400
307,328,117,331,117,308,305,500
313,106,313,500
301,306,117,343,117,307,302,343,500
311,331,500
329,311,308,331,117,327,311,308,333,120,345,120,302,500
333,117,331,500
311,117,308,333,117,311,331,500
311,343,117,327,331,500
112,311,309,344,329,120,311,331,117,327,500
329,344,400
326,324,306,117,306,307,306,400
326,329,302,328,500
311,306,311,500
309,117,333,500
305,112,306,117,308,328,306,308,331,500
310,117,331,500
309,331,500
311,306,308,328,305,500
309,333,500
308,305,117,302,306,308,311,302,305,117,324,343,119,309,302,305,500
302,331,500
305,112,307,305,306,302,331,500
309,311,328,305,500
313,331,500
309,311,331,119,311,500
311,333,119,327,500
329,333,500
310,106,333,305,500
311,308,333,120,312,306,117,305,333,500
308,328,306,305,500
330,106,308,310,305,500
311,306,117,302,344,400
343,109,326,119,306,400
306,117,333,500
311,333,302,305,117,306,328,305,500
305,106,308,328,500
327,329,327,120,330,117,301,117,306,120,301,120,327,305,328,500
332,119,302,119,302,119,331,119,331,500
308,331,302,117,302,308,328,306,400
307,309,310,305,500
308,323,119,307,331,500
308,106,311,500
311,304,400
312,117,331,500
331,112,311,117,331,400
302,106,308,305,500
311,117,308,305,500
302,119,302,306,119,302,120,302,117,311,302,305,500
311,301,306,117,305,500
329,308,302,301,305,500
301,308,344,120,344,120,301,344,400
308,117,333,500
313,120,308,305,500
120,308,331,500
309,311,117,301,306,301,500
311,117,301,117,308,120,313,500
301,305,301,306,117,343,500
331,106,307,325,306,332,500
304,332,117,331,120,306,120,328,301,117,331,119,331,119,327,331,500
331,115,325,117,307,302,306,117,302,117,306,323,307,311,308,331,119,329,500
308,310,306,101,308,331,500
331,120,311,331,500
311,331,500
313,301,120,329,305,500
311,306,117,302,305,500
305,112,310,305,500
311,331,500
311,344,400
312,344,120,310,117,308,120,305,308,301,500
311,112,328,308,323,305,120,305,309,305,120,305,500
302,308,313,329,302,306,119,309,302,306,119,309,302,119,308,302,119,309,302,308,329,331,117,313,306,500
310,301,331,117,301,500
301,306,305,306,305,306,117,306,117,327,301,500
331,331,500
307,331,500
328,306,307,333,117,327,302,305,500
333,112,333,500
313,331,333,500
343,117,343,120,345,120,329,327,345,328,331,500
311,301,324,301,331,500
309,313,333,119,333,119,313,301,309,329,328,305,500
331,112,311,333,120,333,119,331,500
313,308,305,500
313,120,331,117,313,117,331,500
308,331,500
313,302,306,305,120,302,306,302,305,308,500
330,106,312,306,120,312,302,306,117,310,120,310,302,305,500
301,305,117,301,333,500
333,302,306,327,343,302,400
302,106,302,331,500
311,331,117,306,311,500
311,301,500
306,112,302,306,500
332,327,308,331,500
331,311,118,331,500
308,311,301,306,344,345,400
332,109,312,306,312,332,323,344,400
301,330,344,400
308,329,344,323,333,500
308,324,333,500
329,109,306,333,500
308,329,333,332,500
308,310,306,311,305,500
313,331,500
309,301,329,301,119,301,500
331,112,311,331,500
331,112,331,500
328,333,500
302,305,500
306,301,305,306,117,301,119,327,343,500
331,112,331,500
331,109,312,400
312,302,324,400
302,119,302,331,119,307,331,301,117,328,333,500
313,302,331,500
323,109,331,400
312,343,400
331,106,313,334,400
302,301,343,500
302,306,302,343,119,302,305,500
311,331,500
311,331,500
331,119,306,324,306,400
310,117,302,331,400
333,112,311,302,333,500
308,331,500
308,311,302,305,500
311,331,500
309,331,500
311,333,500
302,106,331,500
308,333,500
323,106,301,500
309,305,117,301,500
333,106,313,331,500
309,302,344,500
309,326,308,344,400
307,333,500
309,305,326,344,500
331,109,301,331,400
307,310,331,500
310,344,500
309,328,331,500
331,112,308,331,500
311,309,305,500
308,311,331,308,323,331,500
331,112,311,308,301,305,119,331,400
301,345,117,301,117,305,117,345,119,327,117,305,117,345,117,301,500
331,112,331,500
331,119,331,400
305,112,311,117,331,500
313,331,500
313,333,500
313,302,308,333,500
333,117,313,331,400
328,331,119,331,119,309,331,119,328,302,313,302,305,500
343,106,313,331,500
311,305,500
302,306,302,117,310,117,306,117,329,306,117,310,117,302,310,305,117,500
305,301,311,331,500
307,302,117,307,311,302,500
308,333,500
328,345,120,328,313,308,117,333,500
345,106,333,500
308,112,331,119,331,117,310,345,117,302,305,500
301,329,301,117,305,117,309,301,305,117,301,333,400
328,333,117,309,305,333,500
330,103,311,306,333,500
309,301,305,309,306,117,301,344,500
311,344,400
309,345,117,332,119,302,400
302,117,331,119,331,120,331,117,311,310,120,330,117,333,500
309,333,500
331,117,302,344,500
332,112,301,329,344,117,308,310,305,500
308,331,500
331,112,311,331,500
310,308,301,331,500
331,112,301,331,500
345,112,328,306,331,120,331,500
328,117,331,500
301,120,301,305,343,119,327,117,305,117,301,500
325,106,328,117,332,120,330,119,302,331,120,305,117,302,119,302,331,119,302,305,500
302,117,308,117,311,117,302,312,500
308,331,500
301,117,313,331,117,302,331,120,330,400
330,119,308,302,305,500
330,103,330,400
302,308,302,305,302,308,117,302,500
309,302,400
344,103,310,307,117,308,302,310,302,117,311,331,118,302,117,331,117,302,331,500
309,117,305,500
301,120,301,331,500
333,106,308,313,500
302,119,333,500
308,117,302,117,333,500
308,302,333,117,333,120,309,301,500
301,117,305,500
308,305,117,301,500
308,117,301,305,120,301,500
330,106,330,500
311,301,500
333,106,333,500
301,308,117,328,308,400
301,310,500
313,112,308,120,344,500
332,112,312,309,120,332,120,302,120,305,400
327,117,308,400
301,106,333,500
311,112,309,303,500
330,120,301,120,311,305,500
308,305,500
331,106,308,500
308,331,500
331,112,311,306,500
308,112,311,117,331,500
311,117,331,500
311,112,308,500
301,117,306,117,305,500
311,103,311,500
331,112,311,500
311,112,331,311,331,500
331,112,345,500
311,331,119,345,500
328,119,308,310,500
311,308,500
311,301,305,500
305,309,305,500
331,117,310,332,500
328,305,120,305,500
301,103,314,400
312,331,120,331,117,307,302,306,500
311,106,309,120,305,500
311,301,305,500
301,305,120,301,500
333,106,313,333,500
309,106,308,306,309,302,500
310,301,117,305,500
333,106,308,301,305,500
311,305,120,301,500
308,328,305,311,305,500
308,313,309,344,400
312,109,301,328,331,500
308,109,307,308,500
309,106,345,400
312,120,345,328,308,331,117,311,500
331,112,331,500
331,112,309,500
308,120,301,331,500
327,112,310,120,327,301,500
345,117,327,301,306,117,301,306,117,301,117,305,500
330,114,307,400
307,313,400
305,106,345,117,330,500
305,117,328,305,500
343,109,312,400
312,109,312,117,305,500
311,117,305,500
307,112,311,500
326,305,302,305,120,301,117,305,500
309,117,302,311,302,305,500
325,106,325,302,306,302,305,500
305,301,500
301,305,500
345,112,301,117,305,500
305,112,330,500
313,106,308,500
333,106,313,500
310,308,117,331,500
328,331,500
308,301,305,301,117,345,117,331,500
313,112,327,117,309,117,331,500
331,112,301,302,331,500
311,301,119,305,500
308,306,117,301,323,301,323,305,343,500
311,331,500
311,112,311,500
313,106,309,313,117,311,307,333,500
328,308,328,333,500
313,331,500
311,106,313,331,309,500
310,311,332,500
307,304,310,325,306,400
305,307,331,500
308,305,500
308,328,331,400
308,329,306,309,312,306,400
312,307,305,307,305,119,311,302,310,304,305,117,307,311,500
301,306,117,305,306,117,323,301,305,306,117,327,305,117,343,120,343,500
333,117,333,500
313,333,400
333,117,333,117,305,313,331,500
311,112,310,333,500
333,305,119,333,119,313,331,117,331,400
332,120,332,119,311,117,307,303,120,330,500
328,117,305,500
313,311,333,500
333,112,333,500
313,106,313,330,333,500
330,332,400
312,306,117,328,400
307,305,120,345,120,305,500
313,308,302,313,331,500
331,331,500
331,112,309,331,500
311,302,306,117,305,500
305,120,302,305,500
305,120,330,500
331,112,302,500
302,334,500
302,305,302,119,311,306,117,119,331,500
311,306,305,500
302,313,333,500
331,117,301,331,117,331,500
308,305,500
331,112,334,117,333,500
333,119,313,333,500
308,331,500
311,305,117,302,301,120,301,302,344,120,308,120,326,305,117,309,302,344,400
326,344,400
305,117,344,308,117,301,308,302,333,500
313,308,331,117,302,331,117,302,305,117,301,305,500
313,308,331,301,120,301,120,331,305,311,331,500
311,302,308,310,306,120,331,117,302,117,308,331,117,331,500
301,305,332,120,305,301,343,117,343,500
325,109,331,117,311,331,500
331,112,308,302,305,331,400
311,331,117,325,331,117,331,500
307,302,306,117,302,306,119,305,119,310,306,101,331,117,305,117,329,500
305,112,301,331,500
305,331,500
325,331,500
331,305,331,305,500
311,305,310,120,305,500
311,112,301,305,117,310,333,302,305,500
311,305,500
309,117,301,305,301,302,305,120,302,500
313,308,333,117,308,305,500
305,117,308,305,331,500
331,112,331,500
313,344,117,344,400
329,109,326,305,117,307,117,333,500
331,106,331,117,302,333,400
307,325,331,302,331,120,330,500
302,305,500
308,333,400
305,301,302,331,500
